-126,1,264.9,208,-4.330682,48.11165,1449143425
-126,0.8,261.4,206,-4.330732,48.11165,1449143434
-126,0.8,264.1,203,-4.3307815,48.11165,1449143444
-126,102.3,360,198,-4.3308983,48.111633,1449143464
-126,0.7,265.4,196,-4.3309484,48.111633,1449143475
-126,0.6,264.8,194,-4.330965,48.11165,1449143485
0,0.6,265.2,193,-4.3309984,48.11165,1449143494
-126,0.4,280.7,181,-4.331315,48.111633,1449143575
-126,0.7,279.8,178,-4.331365,48.111633,1449143584
-126,0.6,279.7,174,-4.3313985,48.111633,1449143594
-126,0.2,280.6,171,-4.3313985,48.11165,1449143605
-126,0.2,281.6,167,-4.331415,48.11165,1449143615
-126,0.3,284.4,165,-4.331415,48.11165,1449143624
-126,0.3,285.4,162,-4.331432,48.11165,1449143635
-126,0.1,286.1,159,-4.331432,48.111668,1449143644
-126,0.3,285.3,156,-4.3314486,48.111668,1449143654
-126,0.1,285.9,152,-4.331465,48.111668,1449143665
-126,0.2,284,149,-4.3314815,48.111668,1449143675
-126,0,281.3,147,-4.331498,48.111668,1449143684
-126,0.1,275.7,145,-4.331498,48.111668,1449143695
-126,0.1,278.9,143,-4.331498,48.111668,1449143704
-126,0.3,280.6,141,-4.331498,48.111683,1449143713
0,0.5,264.6,140,-4.331498,48.111683,1449143725
0,0.4,246.5,139,-4.3314815,48.111683,1449143735
0,0.6,216.5,138,-4.3314486,48.111668,1449143744
0,0.7,177.8,138,-4.331382,48.111668,1449143755
0,102.3,360,139,-4.331315,48.11165,1449143763
0,102.3,360,139,-4.331265,48.111633,1449143774
0,0.8,108.7,139,-4.331215,48.111633,1449143785
0,0.6,100.4,140,-4.3311815,48.111633,1449143795
0,0.7,97.8,141,-4.331148,48.11165,1449143804
0,0.8,95.2,143,-4.3310986,48.11165,1449143815
0,0.7,95.2,144,-4.331065,48.111633,1449143823
0,0.7,92.2,145,-4.3309984,48.111633,1449143834
0,0.5,91.9,147,-4.3308816,48.111618,1449143855
0,0.5,89.1,148,-4.3308315,48.111633,1449143865
0,0.6,87.8,150,-4.3307815,48.111633,1449143875
0,102.3,360,151,-4.3307486,48.111633,1449143883
0,0.6,86.2,152,-4.330715,48.111633,1449143893
0,0.5,84.6,154,-4.330682,48.11165,1449143904
0,0.4,83.4,155,-4.3306484,48.111633,1449143914
0,0.5,78.8,156,-4.3305984,48.111633,1449143924
0,0.5,73.5,158,-4.3305817,48.111633,1449143934
127,0.4,71.8,159,-4.330565,48.11165,1449143943
127,0.9,67.2,160,-4.3305316,48.11165,1449143953
127,0.7,68,163,-4.330515,48.111668,1449143965
127,0.5,61.3,166,-4.330498,48.111668,1449143974
127,0.4,62.8,168,-4.3304815,48.111683,1449143984
0,0.7,59.3,171,-4.330448,48.1117,1449143994
127,0.8,38,173,-4.3304315,48.111732,1449144004
127,0.4,16.5,176,-4.3304315,48.111732,1449144013
127,0.3,31.1,180,-4.3303986,48.111767,1449144025
127,0.3,29.7,191,-4.3303485,48.1118,1449144054
127,0,34,197,-4.3303485,48.11183,1449144073
0,0.4,28.3,201,-4.3303485,48.11183,1449144094
0,0.5,14.1,202,-4.330365,48.111816,1449144104
0,0.6,349.8,202,-4.330382,48.111816,1449144114
0,0.6,308.8,204,-4.330415,48.1118,1449144123
0,0.7,287.9,205,-4.330448,48.111767,1449144133
0,0.6,239.6,206,-4.330565,48.11175,1449144153
0,0.8,250.4,206,-4.330615,48.111717,1449144164
0,0.9,253.2,205,-4.330682,48.111717,1449144175
0,1,254.1,204,-4.330715,48.1117,1449144183
0,0.6,246.8,203,-4.330765,48.1117,1449144193
0,0.7,246.3,200,-4.3308816,48.111668,1449144213
0,0.9,252.4,199,-4.3309317,48.11165,1449144224
0,0.6,250,198,-4.3309484,48.11165,1449144233
0,0.7,258.3,196,-4.331032,48.111633,1449144253
-126,102.3,360,192,-4.331148,48.111618,1449144273
-126,0.5,264,188,-4.331198,48.111618,1449144293
-126,0.5,268.7,184,-4.3312817,48.111618,1449144313
0,0.1,269.4,180,-4.3313484,48.1116,1449144333
0,0.1,275.1,178,-4.331365,48.1116,1449144344
0,0.5,287.4,172,-4.3314486,48.111618,1449144375
0,102.3,360,170,-4.331465,48.111618,1449144383
-126,0.5,295.1,168,-4.3314815,48.111633,1449144393
-126,0.4,305.6,165,-4.331515,48.11165,1449144404
-126,0.3,321.7,163,-4.3315315,48.11165,1449144413
-126,0.2,321.6,159,-4.331548,48.111668,1449144425
-126,0.1,310.4,157,-4.331565,48.111683,1449144435
0,0.1,310.4,155,-4.331565,48.111683,1449144443
0,0,303.6,153,-4.331565,48.111683,1449144453
0,102.3,360,150,-4.331565,48.111683,1449144464
0,0.2,299.4,148,-4.331565,48.111683,1449144474
0,0.2,305.1,145,-4.331565,48.111683,1449144484
0,0.3,300.9,143,-4.331565,48.111683,1449144495
0,0.3,322.5,141,-4.331565,48.111683,1449144503
-126,0.4,334.3,139,-4.331548,48.111683,1449144513
0,0.5,44,139,-4.331548,48.111683,1449144524
0,0.5,62.9,139,-4.331515,48.111668,1449144534
0,0.6,72.7,139,-4.331465,48.111668,1449144544
0,0.6,80.1,140,-4.331365,48.111668,1449144555
0,102.3,360,140,-4.331315,48.11165,1449144563
0,102.3,360,142,-4.3312817,48.11165,1449144573
0,102.3,360,143,-4.331265,48.111668,1449144584
0,0.5,84.7,144,-4.331265,48.111668,1449144594
0,0.5,85.1,145,-4.3312483,48.111668,1449144605
0,0.4,87.1,146,-4.3312316,48.111668,1449144615
0,0.6,87.5,146,-4.331198,48.111668,1449144623
0,0.5,85.1,147,-4.3311315,48.111668,1449144633
0,0.3,85.1,147,-4.331065,48.111668,1449144643
0,0.4,80,147,-4.3309984,48.11165,1449144655
0,0.5,75,148,-4.3309484,48.111668,1449144665
0,102.3,360,149,-4.330915,48.111668,1449144674
127,102.3,360,150,-4.330865,48.111683,1449144683
127,0.5,66.5,152,-4.330848,48.111683,1449144693
127,0.6,64.7,155,-4.330815,48.1117,1449144703
127,0.4,63.1,157,-4.330765,48.111717,1449144714
127,0.3,59,160,-4.330732,48.111717,1449144725
0,0.5,62.1,161,-4.330732,48.111732,1449144734
0,0.2,58.5,163,-4.330715,48.111732,1449144744
127,0.3,57.4,165,-4.3306985,48.11175,1449144754
127,102.3,360,167,-4.330682,48.111767,1449144763
127,102.3,360,169,-4.3306484,48.111782,1449144774
0,0.5,44.8,171,-4.330615,48.1118,1449144784
127,0.5,41.7,173,-4.3305817,48.111816,1449144794
127,0.4,46.6,178,-4.330565,48.11183,1449144814
127,102.3,360,194,-4.330515,48.11183,1449144863
127,102.3,360,196,-4.330498,48.11183,1449144874
127,0.5,176.7,201,-4.3304815,48.111816,1449144894
0,0.4,208.1,202,-4.3304815,48.1118,1449144904
0,0.4,219.6,204,-4.3304815,48.1118,1449144914
0,0.3,217,205,-4.3304815,48.111782,1449144923
0,0.5,231.9,205,-4.330515,48.111767,1449144933
0,0.6,247.8,204,-4.3306317,48.111717,1449144954
0,0.7,251.9,203,-4.330665,48.111717,1449144964
0,102.3,360,203,-4.330682,48.1117,1449144974
0,0.5,255.9,202,-4.330765,48.1117,1449144994
-126,0.7,262,197,-4.330915,48.111683,1449145024
-126,0.7,261.6,195,-4.330965,48.111683,1449145034
-126,0.7,261.6,194,-4.3309984,48.111668,1449145043
-126,0.6,262.2,192,-4.3310485,48.111668,1449145054
-126,0.4,264.7,181,-4.3312483,48.111633,1449145114
0,0.4,266.7,178,-4.3312984,48.111633,1449145133
0,0.3,265.4,175,-4.331365,48.11165,1449145154
0,0.3,268.4,173,-4.3314486,48.11165,1449145174
0,102.3,360,172,-4.331465,48.11165,1449145184
0,0.5,274.3,171,-4.331465,48.11165,1449145193
0,0,279.9,170,-4.3314815,48.111668,1449145204
-126,0.1,281,168,-4.331498,48.111668,1449145214
0,0.4,278.4,167,-4.331498,48.111668,1449145224
0,0,278.3,165,-4.331498,48.111668,1449145233
-126,0.2,276.8,162,-4.331515,48.111668,1449145244
-126,0.1,275.4,160,-4.331515,48.111668,1449145254
-126,0.2,275.4,158,-4.3315315,48.111668,1449145264
-126,102.3,360,155,-4.331548,48.111668,1449145274
0,0.1,275.4,153,-4.3315816,48.111683,1449145284
-126,0,275.4,151,-4.3315816,48.111683,1449145293
-126,0,275.4,149,-4.3315816,48.111668,1449145304
0,0.1,275.4,147,-4.3315816,48.111668,1449145314
-126,0.2,275.4,143,-4.3315816,48.111668,1449145334
0,0.2,275.4,142,-4.3315816,48.111668,1449145345
0,0.2,275.4,141,-4.3315816,48.111668,1449145353
0,0.3,279.5,140,-4.3315816,48.111668,1449145364
0,0.5,283.7,140,-4.3315816,48.111668,1449145374
0,0.3,302.3,139,-4.331548,48.111668,1449145394
0,0.5,338.2,139,-4.331498,48.111668,1449145404
0,0.5,355.9,140,-4.331465,48.11165,1449145413
0,0.5,40.5,140,-4.3313985,48.11165,1449145424
0,0.5,58.7,141,-4.331382,48.11165,1449145434
0,0.5,64.3,142,-4.331365,48.11165,1449145443
0,0.4,72.1,143,-4.331315,48.11165,1449145454
0,0.4,76,144,-4.3312483,48.11165,1449145465
0,102.3,360,145,-4.3312316,48.11165,1449145473
0,102.3,360,146,-4.331215,48.111668,1449145484
0,0.4,74.6,147,-4.331198,48.111668,1449145494
0,0.4,73.9,148,-4.331165,48.111668,1449145503
0,0.3,71.4,149,-4.331082,48.111668,1449145515
127,0.2,66.8,151,-4.3310485,48.111683,1449145525
0,0.4,66,152,-4.331032,48.1117,1449145533
127,0.4,63.7,154,-4.331032,48.1117,1449145544
127,0.3,60.4,156,-4.331015,48.111717,1449145554
127,0.5,61.3,157,-4.3309984,48.111717,1449145563
127,0.3,63,160,-4.3309317,48.11175,1449145575
0,0.4,61.9,166,-4.3308816,48.111782,1449145604
0,0.1,61.1,168,-4.3308816,48.111782,1449145613
0,0.3,60.8,170,-4.330865,48.111782,1449145623
127,0.4,65,172,-4.330848,48.1118,1449145635
0,0.5,67.5,174,-4.3308315,48.1118,1449145645
0,0.3,67.6,176,-4.330798,48.111816,1449145654
0,0.4,68.1,178,-4.3307815,48.111816,1449145664
127,0.1,76.3,195,-4.330732,48.111816,1449145733
0,0.2,76.3,197,-4.330732,48.111816,1449145743
0,0.4,112.2,197,-4.330715,48.111816,1449145755
0,0.9,224.2,197,-4.330765,48.111782,1449145774
0,0.5,210.5,197,-4.3307815,48.11175,1449145784
0,0.7,235.1,197,-4.330815,48.11175,1449145793
0,0.6,232.6,198,-4.330848,48.111732,1449145803
0,0.5,239,198,-4.330915,48.111683,1449145834
0,0.5,243,198,-4.330965,48.111668,1449145844
-126,0.8,259.9,194,-4.3310986,48.111633,1449145875
0,0.5,261,191,-4.3311815,48.111618,1449145894
0,0.5,257.7,189,-4.331198,48.111618,1449145904
-126,0.4,267.1,182,-4.331365,48.111618,1449145954
-126,0.4,267.2,180,-4.3313985,48.1116,1449145965
-126,0.4,268.6,178,-4.331415,48.1116,1449145974
0,0.4,270.7,176,-4.331432,48.1116,1449145985
-126,0.2,273.4,172,-4.3314815,48.1116,1449146003
-126,0.1,275,169,-4.331515,48.1116,1449146015
-126,0.3,281.2,167,-4.331548,48.111618,1449146025
-126,0.3,286,165,-4.3315816,48.111633,1449146034
-126,0.3,289.3,162,-4.331615,48.111633,1449146045
-126,0.3,292.5,159,-4.3316317,48.111633,1449146055
-126,0.3,290.2,157,-4.3316317,48.111633,1449146064
-126,0.2,289.8,153,-4.3316483,48.11165,1449146075
-126,0.1,289.9,150,-4.331665,48.11165,1449146085
-126,0.2,289.9,146,-4.3316817,48.11165,1449146094
-126,0,289.9,143,-4.3316817,48.11165,1449146105
-126,0.1,289.9,140,-4.3316817,48.11165,1449146115
-126,0.4,306.4,138,-4.3316817,48.11165,1449146123
0,0.6,352.3,136,-4.3316483,48.11165,1449146135
0,0.8,42.3,135,-4.331615,48.11165,1449146145
0,0.7,74.6,134,-4.3315816,48.11165,1449146154
0,0.8,84.9,133,-4.3315315,48.11165,1449146165
0,0.8,88.9,133,-4.331498,48.11165,1449146175
0,0.8,90.9,133,-4.331315,48.111633,1449146195
0,1,84.7,134,-4.331215,48.111633,1449146205
0,0.7,88.2,136,-4.3311815,48.111633,1449146215
127,0.6,94.5,137,-4.331148,48.111633,1449146225
0,0.9,87.1,138,-4.331082,48.11165,1449146233
0,0.9,81.3,140,-4.331015,48.11165,1449146244
0,0.8,82.2,142,-4.3309317,48.11165,1449146255
0,1,77.6,144,-4.330865,48.111668,1449146265
127,0.7,80.9,147,-4.3308315,48.111668,1449146274
127,0.4,83.1,149,-4.3307815,48.111668,1449146285
0,0.7,80,150,-4.3307486,48.111683,1449146293
0,0.7,78.6,151,-4.330715,48.111683,1449146304
127,0.5,76.8,153,-4.330682,48.1117,1449146315
127,0.4,72.6,155,-4.3306484,48.1117,1449146325
127,0.4,71.2,156,-4.3305984,48.111717,1449146334
0,0.5,71.6,158,-4.330565,48.111717,1449146345
0,0.3,67.8,159,-4.330565,48.111732,1449146353
127,0.5,58.1,163,-4.330498,48.11175,1449146375
127,0.5,57.3,166,-4.330465,48.11175,1449146385
127,0.4,60.1,169,-4.330448,48.111767,1449146394
127,0.4,62,173,-4.3304315,48.111767,1449146404
127,0.4,62.4,178,-4.330415,48.111767,1449146413
127,0.3,53.7,193,-4.3302984,48.11183,1449146444
127,0.3,54.1,198,-4.3302984,48.11183,1449146454
127,0.1,65.1,205,-4.330315,48.11183,1449146473
0,1.1,253.6,209,-4.330515,48.111782,1449146513
0,1,248,208,-4.3305984,48.111767,1449146524
0,1,249.7,208,-4.3306317,48.111732,1449146533
0,1,247.4,208,-4.3307815,48.111717,1449146554
0,1,251.6,207,-4.330848,48.1117,1449146564
0,0.9,249,206,-4.330915,48.111683,1449146573
0,0.9,253.9,206,-4.3309817,48.111668,1449146584
0,102.3,360,205,-4.331032,48.111668,1449146593
-126,0.9,257.4,202,-4.331115,48.11165,1449146614
-126,0.8,260,198,-4.331198,48.111633,1449146633
-126,0.9,261.1,196,-4.3312483,48.111618,1449146645
-126,0.7,260.2,195,-4.3312817,48.111618,1449146653
-126,0.6,262.6,192,-4.3313317,48.111618,1449146665
-126,0.6,265.4,190,-4.331382,48.1116,1449146674
0,0.6,280.2,180,-4.331565,48.1116,1449146744
0,0.2,281.5,178,-4.3315816,48.1116,1449146754
-126,0.5,283.1,175,-4.3316317,48.111618,1449146773
-126,0.4,284,171,-4.3316817,48.111618,1449146785
-126,102.3,360,168,-4.3316984,48.111633,1449146794
-126,0.4,282.8,165,-4.3317485,48.111633,1449146804
-126,0.3,284.4,161,-4.331765,48.111633,1449146813
-126,0.3,285,157,-4.3317986,48.111633,1449146823
-126,0.4,284.1,153,-4.331815,48.11165,1449146833
-126,0.2,281.7,149,-4.3318315,48.11165,1449146845
-126,0.2,281.7,145,-4.3318315,48.11165,1449146854
-126,0,281.7,141,-4.3318315,48.11165,1449146864
-126,0.2,281.7,138,-4.331848,48.11165,1449146875
-126,102.3,360,136,-4.331848,48.11165,1449146883
0,102.3,360,135,-4.3318315,48.11165,1449146893
0,0.5,285.9,134,-4.331815,48.11165,1449146905
0,0.7,295.8,133,-4.331782,48.11165,1449146914
0,0.8,314.8,133,-4.331732,48.11165,1449146924
0,0.9,2.2,133,-4.331665,48.11165,1449146935
0,0.7,34.5,132,-4.3316317,48.11165,1449146943
0,0.8,66.1,132,-4.331548,48.111633,1449146953
0,0.8,79.4,132,-4.3314815,48.11165,1449146965
0,0.9,81.3,132,-4.3313985,48.11165,1449146974
0,0.8,86.3,132,-4.3313317,48.11165,1449146984
0,0.9,84.3,133,-4.3312817,48.11165,1449146995
127,0.8,84.8,135,-4.3312483,48.11165,1449147003
127,0.6,82.5,137,-4.331215,48.111668,1449147013
0,0.7,80.5,138,-4.3311815,48.111668,1449147023
0,0.7,80.1,140,-4.331115,48.111668,1449147034
127,0.6,79.3,141,-4.331082,48.111668,1449147044
0,0.6,77.7,143,-4.331032,48.111683,1449147055
0,0.6,75.8,144,-4.330965,48.111683,1449147063
0,0.5,74.9,146,-4.3309317,48.1117,1449147073
127,0.5,73.6,149,-4.3308983,48.1117,1449147083
127,102.3,360,151,-4.330865,48.111717,1449147094
127,0.4,67.3,153,-4.3308315,48.111717,1449147104
0,0.4,63,154,-4.330815,48.111717,1449147115
0,0.4,60.4,156,-4.330798,48.111732,1449147124
127,0.4,55.4,158,-4.3307815,48.11175,1449147134
127,0.4,51,160,-4.330765,48.11175,1449147144
127,0.4,44,163,-4.330732,48.111767,1449147154
127,0.3,35.1,166,-4.330715,48.1118,1449147165
127,0.4,26.9,168,-4.330682,48.111816,1449147175
127,0.5,27.4,171,-4.3306484,48.11183,1449147183
127,102.3,360,174,-4.3306484,48.11185,1449147193
127,0.3,23.2,178,-4.3306317,48.111866,1449147203
127,0,64.9,190,-4.3305817,48.1119,1449147235
127,0.3,101.5,193,-4.3305817,48.1119,1449147244
127,0.3,126.2,195,-4.3305817,48.1119,1449147253
127,0.4,153.1,197,-4.3305984,48.111885,1449147263
127,0.5,189.2,199,-4.330615,48.111866,1449147274
127,102.3,360,201,-4.330615,48.111866,1449147284
0,0.5,214.2,203,-4.330615,48.11183,1449147295
0,0.5,218.3,205,-4.3306484,48.111816,1449147304
0,0.5,221.7,206,-4.330682,48.1118,1449147314
0,0.6,232.1,207,-4.330715,48.111782,1449147324
0,0.7,244.6,207,-4.3307815,48.11175,1449147334
0,0.7,247.6,206,-4.3308315,48.111717,1449147344
0,0.8,249.9,205,-4.3308983,48.1117,1449147355
0,0.8,255.3,202,-4.3309984,48.1117,1449147373
0,0.4,261.3,196,-4.331148,48.111668,1449147415
-126,0.5,267.2,193,-4.331198,48.11165,1449147434
0,0.3,297.2,180,-4.331382,48.1117,1449147524
-126,0.3,298.7,179,-4.331415,48.1117,1449147535
0,0.3,297.4,177,-4.331432,48.111717,1449147544
-126,0.3,294.2,175,-4.331432,48.111717,1449147554
-126,0.2,291.8,172,-4.3314486,48.111717,1449147564
0,0.2,287.5,170,-4.331465,48.111717,1449147574
-126,102.3,360,168,-4.3314815,48.111717,1449147584
-126,102.3,360,165,-4.3314815,48.111717,1449147594
-126,0.1,286.8,163,-4.331498,48.111717,1449147604
-126,0.1,284.7,160,-4.3315315,48.111717,1449147614
-126,0.1,285,157,-4.3315816,48.111732,1449147624
-126,0.1,280.1,155,-4.3315983,48.111732,1449147634
-126,0.1,280.1,152,-4.331615,48.111732,1449147644
-126,0,280.1,149,-4.331615,48.111732,1449147654
0,0,280.1,146,-4.331615,48.111732,1449147664
0,0.2,280.1,144,-4.331615,48.111732,1449147674
0,102.3,360,143,-4.331615,48.111732,1449147684
0,102.3,360,142,-4.331615,48.111732,1449147694
0,0.6,260.3,142,-4.3315816,48.111732,1449147704
0,0.5,243.6,142,-4.331548,48.111717,1449147714
0,0.5,209.7,141,-4.331498,48.111717,1449147724
0,0.5,168.3,141,-4.3314486,48.1117,1449147734
0,0.6,138.2,141,-4.3313985,48.1117,1449147744
0,0.5,131.2,141,-4.3313317,48.111683,1449147754
0,0.5,111.9,142,-4.3312984,48.111683,1449147764
0,0.7,99.6,142,-4.331265,48.111683,1449147774
0,102.3,360,142,-4.331215,48.111683,1449147784
0,0.6,90.6,142,-4.3311315,48.111683,1449147794
127,0.5,90,143,-4.331115,48.111683,1449147803
0,0.7,84.3,144,-4.331065,48.1117,1449147814
0,0.8,83.4,146,-4.331015,48.1117,1449147824
127,0.6,85,148,-4.3309984,48.1117,1449147834
127,0.5,88.1,149,-4.3309484,48.1117,1449147844
127,0.7,81.3,151,-4.3308816,48.111717,1449147854
127,0.6,81.8,153,-4.330848,48.111717,1449147863
127,0.6,79.9,156,-4.330798,48.111717,1449147874
0,0.7,80.7,158,-4.3307486,48.111732,1449147884
0,102.3,360,160,-4.3306985,48.111732,1449147894
0,0.4,72.3,162,-4.330682,48.111732,1449147904
127,0.4,70.4,163,-4.330665,48.11175,1449147915
0,0.4,66.3,165,-4.3306317,48.11175,1449147923
0,0.6,60.9,167,-4.3305817,48.11175,1449147934
127,0.2,50.4,168,-4.3305483,48.111767,1449147944
127,0.2,41,170,-4.3305316,48.111782,1449147954
0,0.4,51.5,174,-4.3304815,48.1118,1449147975
127,0.3,49.5,176,-4.330465,48.111816,1449147983
127,102.3,360,179,-4.330465,48.11183,1449147994
127,0.2,74.3,195,-4.330415,48.11185,1449148035
0,0.3,86.3,206,-4.330382,48.11185,1449148074
0,0.4,99.3,207,-4.330382,48.11183,1449148083
0,0.5,152.1,207,-4.330382,48.11183,1449148095
0,0.6,184.4,207,-4.330415,48.111816,1449148103
0,0.7,230.8,207,-4.330448,48.1118,1449148113
0,0.6,241,208,-4.330515,48.111767,1449148134
0,0.6,242.7,208,-4.3305483,48.11175,1449148143
0,0.6,245.5,208,-4.330615,48.111732,1449148155
0,0.6,248.7,209,-4.330665,48.111717,1449148163
0,0.6,255.2,209,-4.3306985,48.1117,1449148173
0,0.6,261.3,208,-4.330732,48.1117,1449148184
0,0.6,266,208,-4.330798,48.1117,1449148195
0,0.6,267.4,207,-4.330848,48.111683,1449148203
0,0.6,268.8,205,-4.3308816,48.1117,1449148215
-126,0.6,268.1,204,-4.330915,48.1117,1449148223
-126,0.6,269.5,201,-4.330965,48.1117,1449148234
-126,0.6,273.9,199,-4.331015,48.1117,1449148244
-126,0.5,273.6,197,-4.3310485,48.1117,1449148254
0,0.6,274.4,195,-4.331082,48.1117,1449148263
0,0.6,274.8,193,-4.331115,48.1117,1449148274
0,102.3,360,191,-4.331198,48.1117,1449148294
-126,0.4,276.1,182,-4.331315,48.1117,1449148334
0,0.3,273.4,178,-4.331365,48.1117,1449148353
-126,0.3,270.8,176,-4.331365,48.1117,1449148364
-126,0.3,271.7,175,-4.331382,48.1117,1449148374
0,0.3,273.8,172,-4.3314486,48.111717,1449148394
-126,0.2,281.4,170,-4.3314486,48.111717,1449148414
0,0.2,285,169,-4.3314815,48.111717,1449148424
0,0.5,286.4,169,-4.331498,48.111732,1449148434
-126,0.1,290.6,166,-4.331515,48.111732,1449148454
-126,0.2,290.6,165,-4.331515,48.111732,1449148463
-126,0.2,288.5,163,-4.331515,48.111732,1449148473
0,0.2,286.4,161,-4.331515,48.11175,1449148484
-126,102.3,360,158,-4.331515,48.11175,1449148494
-126,0.1,285.6,155,-4.331515,48.11175,1449148503
-126,0.3,286.8,153,-4.331515,48.11175,1449148515
-126,0.1,290.1,151,-4.331515,48.11175,1449148523
-126,0.1,286.8,147,-4.3315315,48.11175,1449148533
-126,0.2,288.4,144,-4.3315315,48.11175,1449148544
0,0.2,301.1,141,-4.3315315,48.111732,1449148554
0,0.5,320.6,140,-4.331515,48.111732,1449148563
0,0.7,11.7,140,-4.3314815,48.111732,1449148574
0,0.6,33.2,141,-4.331465,48.111732,1449148583
0,102.3,360,141,-4.3313985,48.111717,1449148593
0,0.7,88.4,141,-4.3313317,48.1117,1449148604
0,0.6,99.2,142,-4.3312817,48.111683,1449148614
0,0.7,97.8,142,-4.3312316,48.111683,1449148623
0,0.5,99.5,142,-4.331198,48.111683,1449148635
0,0.4,101.8,142,-4.331148,48.111668,1449148644
0,0.6,96.4,142,-4.331115,48.111668,1449148653
0,0.7,91.5,143,-4.331065,48.111668,1449148664
0,0.6,87.5,144,-4.331015,48.111668,1449148674
0,0.7,85.3,146,-4.3309484,48.111683,1449148683
127,0.7,82.3,149,-4.3308983,48.111683,1449148695
0,102.3,360,150,-4.330865,48.111683,1449148704
0,0.7,79.2,152,-4.330815,48.1117,1449148713
0,0.6,77.3,154,-4.330765,48.1117,1449148724
127,0.4,74.5,156,-4.330732,48.1117,1449148734
127,0.5,73.1,158,-4.330715,48.111717,1449148744
127,0.5,70,161,-4.330682,48.111732,1449148755
127,0.5,67.9,163,-4.3306484,48.111732,1449148764
127,0.5,65,165,-4.3305984,48.11175,1449148773
127,0.3,57.4,166,-4.330565,48.111767,1449148784
0,0.5,61.6,167,-4.3305316,48.111767,1449148794
0,0.5,60.8,169,-4.3305316,48.111782,1449148803
127,0.3,57.4,172,-4.3305316,48.111782,1449148815
0,0.4,57.9,176,-4.330448,48.111816,1449148833
127,0.5,74.9,190,-4.3303485,48.11185,1449148875
127,102.3,360,197,-4.330332,48.11185,1449148893
127,0.1,111.5,203,-4.330315,48.11185,1449148914
127,0.2,115.4,205,-4.330315,48.11185,1449148923
0,0.3,157.2,207,-4.330315,48.11185,1449148935
0,0.7,255,209,-4.330715,48.111717,1449149034
-126,0.6,266.3,202,-4.3309984,48.111668,1449149094
-126,0.6,267,200,-4.331032,48.111683,1449149103
-126,0.5,267.5,198,-4.331065,48.111668,1449149114
-126,0.5,272.8,194,-4.3311815,48.11165,1449149134
0,0.4,273.7,193,-4.331215,48.11165,1449149144
0,0.4,275.1,191,-4.3312316,48.111668,1449149154
-126,0.4,287.7,178,-4.331382,48.111717,1449149223
-126,0.3,285.9,175,-4.331415,48.111717,1449149234
-126,0.3,283.4,172,-4.331432,48.111717,1449149244
-126,0.3,282,169,-4.3314486,48.111717,1449149254
-126,0.2,282.1,166,-4.3314815,48.111717,1449149264
0,0.2,281.8,164,-4.331498,48.111732,1449149275
0,0.1,281.8,162,-4.331515,48.111732,1449149283
-126,0.2,272.6,160,-4.331515,48.111732,1449149294
0,102.3,360,158,-4.3315315,48.111732,1449149304
-126,0.1,272.7,156,-4.331548,48.111732,1449149314
-126,0.3,280.7,154,-4.331565,48.111732,1449149324
-126,0,270.2,152,-4.331565,48.111732,1449149334
0,0.1,270.2,151,-4.331565,48.111732,1449149343
-126,0.1,270.2,149,-4.331565,48.111732,1449149354
-126,0.1,270.2,148,-4.3315816,48.111732,1449149363
0,0.1,270.2,146,-4.331565,48.111732,1449149374
0,0.3,269.9,145,-4.331565,48.111732,1449149383
0,0.3,263.4,145,-4.331565,48.111732,1449149394
0,0.4,251.4,145,-4.331565,48.111732,1449149413
0,0.4,236.7,145,-4.3315315,48.111717,1449149423
0,0.4,197.3,146,-4.3314815,48.111717,1449149434
0,0.4,182.8,146,-4.331465,48.1117,1449149443
0,0.5,137,146,-4.331432,48.1117,1449149455
0,0.5,111.4,148,-4.3313317,48.1117,1449149473
0,102.3,360,148,-4.3312483,48.111717,1449149503
127,0.4,85.6,149,-4.331198,48.111717,1449149515
0,0.4,83.5,153,-4.3311315,48.111717,1449149533
127,0.5,82,155,-4.331115,48.111717,1449149543
0,0.4,77.8,158,-4.331015,48.111717,1449149563
0,0.4,76.2,159,-4.3309817,48.111732,1449149575
0,0.3,72.4,162,-4.3309484,48.11175,1449149593
0,0.2,67.4,162,-4.3309317,48.11175,1449149603
127,0.3,48.7,165,-4.3308983,48.111767,1449149624
127,0.4,50.8,167,-4.3308816,48.111782,1449149635
127,0.3,50.8,172,-4.330848,48.1118,1449149653
127,0.2,70.4,192,-4.330715,48.11185,1449149713
127,0.2,70.4,197,-4.3306985,48.11185,1449149724
0,0.3,100.1,202,-4.3306985,48.11185,1449149744
0,0.5,136,202,-4.3306985,48.11185,1449149753
0,0.6,206.3,202,-4.330732,48.11183,1449149765
0,0.6,214.3,202,-4.330765,48.111816,1449149773
0,0.7,227.3,202,-4.330815,48.1118,1449149783
0,0.6,236.2,203,-4.330848,48.111767,1449149794
0,102.3,360,202,-4.3308816,48.11175,1449149804
0,0.6,245.9,202,-4.330965,48.111732,1449149825
0,0.6,250.7,199,-4.331082,48.111683,1449149854
0,0.5,251.4,197,-4.331115,48.111668,1449149873
0,0.6,255,195,-4.331165,48.111668,1449149885
0,0.5,256.3,194,-4.331198,48.111668,1449149893
-126,0.4,258.5,191,-4.3312817,48.111668,1449149914
-126,0.2,276.9,177,-4.3315315,48.11165,1449150004
-126,0.2,283.2,174,-4.331548,48.111668,1449150014
-126,0.4,285.1,171,-4.331565,48.111668,1449150025
-126,0.6,288.2,167,-4.3315983,48.111668,1449150034
-126,0.2,313,164,-4.3316317,48.111683,1449150044
-126,0.5,303.8,161,-4.3316483,48.111683,1449150053
-126,0.4,308.2,158,-4.3316984,48.1117,1449150064
-126,0.3,317.2,155,-4.3316984,48.1117,1449150074
-126,0.2,310.9,153,-4.3316984,48.1117,1449150085
0,0,310.9,149,-4.3316984,48.1117,1449150104
0,0.1,310.9,147,-4.3316984,48.111717,1449150113
0,0.1,310.9,146,-4.3316984,48.111717,1449150124
-126,102.3,360,144,-4.3316984,48.111717,1449150133
0,0.4,331,144,-4.3316984,48.111717,1449150145
0,0.3,99,142,-4.331615,48.1117,1449150191
0,0.4,98.8,141,-4.3315816,48.1117,1449150201
0,0.3,99.9,140,-4.3315816,48.1117,1449150211
0,0.3,97.4,140,-4.331565,48.1117,1449150221
0,0.4,93.9,140,-4.331548,48.1117,1449150230
0,0.5,90.3,141,-4.3314815,48.111683,1449150241
0,0.6,88.7,142,-4.331415,48.111683,1449150251
0,0.6,84.8,143,-4.3313484,48.111668,1449150260
0,0.5,87.4,144,-4.3313317,48.111668,1449150271
0,0.5,84.1,146,-4.3312817,48.111683,1449150281
0,0.6,85.8,147,-4.3312483,48.111668,1449150290
0,0.6,83.1,149,-4.331215,48.111683,1449150301
0,0.5,79.7,151,-4.331198,48.111683,1449150310
0,0.5,79.2,152,-4.331148,48.1117,1449150320
127,0.5,76.8,154,-4.3310986,48.111717,1449150331
0,0.4,72.7,156,-4.331082,48.111717,1449150341
127,0.5,68.6,158,-4.3310485,48.111717,1449150350
0,0.5,70.7,159,-4.3309984,48.111732,1449150361
127,0.4,62.6,161,-4.330965,48.11175,1449150370
127,0.4,67.7,162,-4.330915,48.111767,1449150380
127,0.3,66,164,-4.3308983,48.111767,1449150391
0,0.2,64.6,165,-4.3308816,48.111767,1449150401
127,0.2,66.4,166,-4.330865,48.111782,1449150410
0,0.3,67.2,168,-4.3308315,48.1118,1449150421
0,0.3,66.6,170,-4.330815,48.1118,1449150431
127,0.3,61.2,171,-4.330798,48.1118,1449150441
0,0.4,61.3,173,-4.330765,48.111816,1449150450
127,0.5,58.9,175,-4.330732,48.11183,1449150461
0,0.2,58.9,176,-4.330715,48.11183,1449150470
127,0.3,60,179,-4.3306985,48.11183,1449150481
127,0,70.2,194,-4.3306484,48.11185,1449150541
127,0.2,78.3,201,-4.330615,48.11185,1449150561
0,0.2,78.3,203,-4.330615,48.11185,1449150570
0,0.5,115,203,-4.330615,48.11185,1449150581
0,0.5,169.9,203,-4.330615,48.11185,1449150590
0,0.6,202.1,203,-4.3306317,48.11183,1449150602
0,0.6,219.6,203,-4.3306484,48.11183,1449150612
0,0.5,223.4,203,-4.330665,48.111816,1449150621
0,0.5,226.9,204,-4.330682,48.1118,1449150630
0,0.5,231.9,205,-4.330715,48.111782,1449150640
0,0.5,239.1,206,-4.330765,48.111767,1449150650
0,0.7,252.6,206,-4.3308315,48.11175,1449150660
0,0.8,259.6,206,-4.3308816,48.11175,1449150671
0,0.6,253.7,205,-4.3308983,48.111732,1449150681
-126,0.6,258.9,204,-4.3309484,48.111717,1449150690
0,0.7,260.1,202,-4.3309984,48.1117,1449150700
-126,0.5,259.4,198,-4.331065,48.111683,1449150720
-126,0.6,259.5,196,-4.331115,48.111668,1449150731
0,0.5,273.5,180,-4.3314815,48.111668,1449150840
-126,0.4,277,177,-4.3314815,48.111668,1449150851
-126,0.3,289.1,171,-4.331515,48.111668,1449150870
-126,0.4,292.4,169,-4.331548,48.111668,1449150880
0,0.9,292.7,165,-4.3315816,48.111683,1449150891
-126,0.4,306.6,162,-4.3315983,48.111683,1449150900
-126,0.2,312.9,158,-4.3316317,48.1117,1449150911
-126,0.2,309.7,156,-4.3316483,48.1117,1449150920
-126,0.1,310.8,153,-4.3316483,48.1117,1449150930
-126,0,310.8,150,-4.3316483,48.111717,1449150940
-126,0,310.8,147,-4.3316483,48.111717,1449150951
0,0.1,310.8,145,-4.3316483,48.111717,1449150960
-126,0.3,311.5,143,-4.3316483,48.111717,1449150971
0,0.4,329.1,142,-4.3316483,48.111717,1449150980
0,0.5,16.9,142,-4.3316483,48.1117,1449150990
0,0.6,77,141,-4.3316317,48.1117,1449151000
0,0.6,88.5,140,-4.3315983,48.1117,1449151011
0,0.6,103.5,140,-4.3315816,48.111683,1449151021
0,0.7,97.2,139,-4.331565,48.1117,1449151031
0,0.7,97.9,139,-4.3315315,48.1117,1449151040
0,0.6,96,139,-4.331498,48.1117,1449151050
0,0.7,94.3,140,-4.3314486,48.1117,1449151060
0,0.8,91.1,140,-4.3313484,48.111717,1449151071
0,0.8,91.4,142,-4.3312817,48.111717,1449151081
0,0.7,90.8,144,-4.331215,48.1117,1449151091
127,0.7,90.2,145,-4.3311815,48.1117,1449151100
127,0.6,89.1,147,-4.3310986,48.111668,1449151110
0,0.6,88.9,149,-4.3310485,48.111668,1449151120
0,0.6,89.2,149,-4.331015,48.111668,1449151132
0,0.7,82.9,150,-4.3309484,48.111683,1449151141
0,0.3,79.9,151,-4.330915,48.111683,1449151152
127,0,77.9,151,-4.3308816,48.111683,1449151161
0,0.6,75.2,152,-4.3308315,48.1117,1449151170
0,0.8,71.1,153,-4.3307815,48.111717,1449151181
127,0.4,67.2,156,-4.330765,48.111717,1449151192
127,0.4,67.2,159,-4.3307486,48.111717,1449151201
127,0.6,66.3,162,-4.330715,48.111732,1449151211
127,0.6,64.3,165,-4.330682,48.11175,1449151221
127,0.3,60.5,167,-4.3306484,48.111767,1449151230
127,0.4,56,169,-4.330615,48.111782,1449151241
127,0.4,54.2,171,-4.3305984,48.111782,1449151251
0,0.5,52.7,173,-4.3305483,48.111816,1449151261
127,0.2,42.2,176,-4.3305316,48.11183,1449151271
127,0.2,53.8,179,-4.330515,48.11183,1449151281
127,0.2,82.8,192,-4.330415,48.111866,1449151321
127,0.1,82.8,196,-4.3303986,48.111866,1449151331
127,0.2,92.7,198,-4.3303986,48.111866,1449151341
127,0.3,102.8,201,-4.3303986,48.111866,1449151350
127,0.2,105.2,205,-4.3303986,48.11185,1449151370
0,0.3,122.9,207,-4.3303986,48.11185,1449151381
0,0.3,144.8,208,-4.3303986,48.11185,1449151392
-126,0.7,255,208,-4.330665,48.111767,1449151451
-126,0.8,254.5,207,-4.330715,48.111767,1449151461
0,0.7,254.5,206,-4.330765,48.11175,1449151470
0,0.6,248.7,204,-4.3308315,48.11175,1449151480
0,0.5,250.7,204,-4.330865,48.111732,1449151490
0,0.6,253.1,204,-4.3308983,48.111732,1449151500
0,0.6,254.5,204,-4.3309317,48.111717,1449151510
0,0.6,256.7,203,-4.330965,48.1117,1449151520
0,0.6,259.3,202,-4.331032,48.111683,1449151531
-126,0.7,266.1,197,-4.3311315,48.111683,1449151560
0,0.6,261.2,195,-4.3311815,48.111683,1449151570
0,0.3,259.2,193,-4.3312316,48.1117,1449151580
0,0.3,284.8,179,-4.331415,48.111668,1449151651
-126,0.3,285.6,177,-4.3314486,48.111668,1449151661
0,0.3,293.1,174,-4.331515,48.111683,1449151691
0,0.2,312.8,172,-4.3315315,48.1117,1449151711
0,0.2,316.4,171,-4.331548,48.111717,1449151732
0,0.3,317.3,171,-4.331548,48.111717,1449151740
0,0.4,307.3,170,-4.331565,48.111717,1449151750
0,0.2,325.5,168,-4.3315816,48.111717,1449151760
-126,0,317.8,165,-4.3315983,48.111732,1449151771
-126,0.1,306.9,163,-4.331615,48.111732,1449151782
-126,0.2,294.3,160,-4.331615,48.111732,1449151792
-126,0.2,294.3,158,-4.3316317,48.111732,1449151800
-126,0.1,294.3,155,-4.3316317,48.111732,1449151810
-126,0.1,294.3,152,-4.3316317,48.111732,1449151820
-126,0.2,294.3,150,-4.3316483,48.111732,1449151831
-126,0.1,294.3,147,-4.3316483,48.111732,1449151841
0,0.1,294.3,146,-4.3316483,48.111732,1449151852
0,0.2,323.8,145,-4.3316317,48.111732,1449151860
0,0.5,12.5,144,-4.3316317,48.111732,1449151870
0,0.3,38.8,143,-4.3316317,48.111732,1449151880
0,0.4,70.2,143,-4.331615,48.111732,1449151901
0,0.5,78.5,142,-4.3315816,48.111717,1449151912
0,0.3,87.4,143,-4.331565,48.111717,1449151920
127,0.3,91.1,144,-4.331515,48.111717,1449151932
0,0.6,86.4,144,-4.331432,48.1117,1449151940
0,0.7,92.2,145,-4.331382,48.1117,1449151951
127,0.3,94.7,146,-4.3313484,48.1117,1449151960
127,0.3,85.7,147,-4.3312984,48.1117,1449151972
127,0.7,83.8,149,-4.3312316,48.1117,1449151981
0,0.5,86.8,150,-4.331198,48.111683,1449151991
127,0.2,86.2,152,-4.331165,48.111683,1449152000
0,0.3,84.7,152,-4.3311315,48.111683,1449152011
0,0.5,78.7,153,-4.331115,48.111683,1449152020
0,0.3,79.1,154,-4.331115,48.111683,1449152032
0,0.3,82,154,-4.331115,48.1117,1449152041
0,0.3,92.4,155,-4.3310986,48.1117,1449152051
0,0.3,99.4,156,-4.331082,48.1117,1449152060
0,0.4,102.4,157,-4.331032,48.111683,1449152071
0,0.5,109.3,158,-4.3309984,48.111683,1449152080
0,0.4,119.2,159,-4.3309817,48.111668,1449152092
0,0.6,131.3,159,-4.3309484,48.11165,1449152102
0,0.6,134.3,160,-4.3308983,48.111618,1449152111
0,0.6,154.6,160,-4.3308816,48.1116,1449152120
0,0.7,148.3,159,-4.330848,48.11157,1449152131
0,0.7,142.1,159,-4.330815,48.111534,1449152140
0,0.7,148.4,158,-4.3307815,48.111485,1449152152
0,0.7,149.5,157,-4.3307486,48.11145,1449152162
0,0.7,150.2,157,-4.3306985,48.1114,1449152171
-126,0.8,143.3,156,-4.330665,48.111366,1449152180
0,0.9,132,155,-4.330615,48.11135,1449152191
0,0.7,146.1,155,-4.3305984,48.111317,1449152200
127,0.7,142.9,156,-4.330565,48.1113,1449152211
0,0.9,144.6,157,-4.3304815,48.111233,1449152232
0,0.9,149.6,158,-4.330448,48.1112,1449152241
127,0.9,138.1,160,-4.330415,48.111168,1449152252
127,0.9,143.2,161,-4.330365,48.111134,1449152260
127,0.9,145.5,164,-4.330332,48.111084,1449152271
0,0.9,148.9,166,-4.330265,48.111015,1449152291
0,1,147.7,168,-4.3302317,48.110985,1449152301
127,0.7,158.5,170,-4.330215,48.110966,1449152311
127,0.7,159.5,172,-4.3301983,48.110935,1449152320
127,0.6,167.6,178,-4.330165,48.11085,1449152351
0,0.5,166.7,180,-4.330148,48.11085,1449152361
127,0.2,161.8,192,-4.3301315,48.110733,1449152431
127,0.1,161.8,195,-4.3301315,48.110733,1449152440
127,0.1,161.8,201,-4.3301315,48.110733,1449152461
127,0.5,83.2,225,-4.3301315,48.110733,1449152521
127,0.5,52.1,229,-4.3301315,48.11075,1449152532
127,0.5,19,232,-4.3301315,48.110767,1449152541
127,0.6,3.6,235,-4.3301315,48.1108,1449152550
127,0.6,356.2,237,-4.330148,48.110832,1449152560
127,0.6,351.4,240,-4.330148,48.110867,1449152571
127,0.5,350.2,242,-4.330165,48.11088,1449152581
127,0.7,345.9,246,-4.3301816,48.110935,1449152601
0,0.7,356,247,-4.330165,48.110966,1449152610
-126,1,358.8,236,-4.330165,48.111084,1449152641
-126,0.8,357.4,232,-4.330165,48.11112,1449152650
-126,0.7,355.6,226,-4.330165,48.11115,1449152661
0,0.5,256.9,203,-4.330265,48.11125,1449152730
0,0.7,227.4,203,-4.330315,48.111217,1449152740
0,0.8,211.2,204,-4.3303485,48.111183,1449152751
0,0.8,210.4,204,-4.3303986,48.111134,1449152761
0,0.8,206.9,205,-4.330465,48.11105,1449152781
0,0.8,206.3,206,-4.330498,48.111034,1449152791
0,0.7,210.9,207,-4.3305316,48.111,1449152800
0,0.6,221.7,208,-4.3305984,48.110985,1449152821
0,0.4,224,208,-4.330615,48.110985,1449152830
0,0.4,242.8,207,-4.3306484,48.110985,1449152841
-126,0.7,255.1,204,-4.3306985,48.110985,1449152852
-126,0.7,253.9,202,-4.330732,48.110966,1449152860
-126,0.6,244.3,195,-4.330848,48.110935,1449152891
0,0.5,224.8,192,-4.3309484,48.11088,1449152920
0,0.5,204.9,181,-4.3311815,48.11067,1449153012
-126,0.6,202.9,178,-4.331215,48.110634,1449153031
-126,0.5,196.4,173,-4.3312316,48.1106,1449153061
0,0.5,205.2,172,-4.3312483,48.110584,1449153071
0,0.3,183,170,-4.331265,48.110516,1449153091
-126,0.3,191.9,169,-4.331265,48.1105,1449153100
-126,0.3,188.2,165,-4.331265,48.110485,1449153121
-126,0.3,187.2,163,-4.331265,48.110485,1449153131
-126,0.3,192.8,159,-4.331265,48.11043,1449153151
-126,0.2,187.9,158,-4.331265,48.110416,1449153160
-126,0.2,187.9,155,-4.331265,48.110416,1449153170
-126,0.2,182.3,153,-4.331265,48.1104,1449153181
-126,0.1,182.3,150,-4.331265,48.110382,1449153191
-126,0.1,182.3,148,-4.331265,48.110382,1449153200
-126,0.3,175.3,145,-4.3312483,48.110367,1449153211
-126,0.3,156.7,142,-4.3312483,48.110367,1449153220
-126,0.1,150.4,140,-4.3312483,48.11035,1449153230
-126,0.1,150.4,136,-4.3312483,48.11035,1449153241
-126,0.1,150.4,133,-4.3312483,48.11035,1449153251
-126,0.2,149.1,130,-4.3312316,48.110332,1449153260
-126,0.4,133.6,125,-4.331215,48.110332,1449153271
-126,0.6,123.9,121,-4.331165,48.1103,1449153280
-126,0.9,118,116,-4.331065,48.110268,1449153291
-126,1.1,119.1,111,-4.3309984,48.110233,1449153300
-126,1.4,120.2,105,-4.3308983,48.110184,1449153311
-126,1.6,113.1,100,-4.330765,48.11015,1449153320
-126,1.9,107.5,94,-4.3306484,48.110134,1449153331
-126,2,102.5,89,-4.330515,48.1101,1449153340
-126,2.1,97.3,84,-4.330365,48.1101,1449153350
-126,2.4,95.4,79,-4.3301983,48.110085,1449153360
-126,2.5,90.9,73,-4.3299985,48.1101,1449153372
-126,2.5,86.1,67,-4.329815,48.1101,1449153382
-126,2.8,82.3,62,-4.329615,48.110134,1449153391
-126,2.8,73.8,58,-4.329448,48.11017,1449153401
-126,3,61.8,52,-4.3292484,48.110218,1449153410
-126,3.5,66.1,46,-4.3289986,48.110268,1449153420
-126,4.1,68.8,39,-4.328748,48.110367,1449153431
-126,4.2,53.1,30,-4.3284984,48.110485,1449153442
-126,4.6,41.5,22,-4.328282,48.110615,1449153451
-126,5.1,42.4,14,-4.328065,48.110783,1449153460
-126,5.5,19,358,-4.3277316,48.111233,1449153480
-126,5.7,9.4,348,-4.327598,48.111515,1449153491
-126,6,1.8,338,-4.327582,48.1118,1449153502
-126,6,353.2,330,-4.327598,48.112083,1449153511
-126,6.1,346.8,322,-4.327698,48.112366,1449153521
-126,6.4,337,314,-4.327865,48.11265,1449153530
0,9.5,311.3,311,-4.335065,48.117115,1449153701
0,9.5,312,310,-4.335915,48.11765,1449153720
0,9.5,311.9,310,-4.3370485,48.118332,1449153742
-126,0.4,280.1,172,-4.3313985,48.11165,1449143601
-126,0.4,280.1,172,-4.3313985,48.11165,1449143602
-126,0.2,280.6,170,-4.331415,48.11165,1449143608
-126,0.2,280.6,170,-4.331415,48.11165,1449143608
-126,0.4,280.4,169,-4.331415,48.11165,1449143611
-126,0.2,281.6,167,-4.331415,48.11165,1449143618
-126,0.3,283.3,166,-4.331415,48.11165,1449143622
-126,0.3,283.3,166,-4.331415,48.11165,1449143622
-126,0.3,284.4,164,-4.331415,48.111668,1449143628
-126,0.3,284.4,164,-4.331415,48.111668,1449143629
-126,0.2,285.9,162,-4.331415,48.111668,1449143632
-126,0.2,285.9,162,-4.331415,48.111668,1449143632
-126,0.3,285.4,161,-4.331432,48.11165,1449143638
-126,0.3,285.4,161,-4.331432,48.11165,1449143639
-126,0.1,286.1,157,-4.3314486,48.111668,1449143649
-126,0.2,286.1,157,-4.3314486,48.111668,1449143651
-126,0.1,285.9,152,-4.3314815,48.111668,1449143668
-126,0.1,282.9,151,-4.3314815,48.111668,1449143672
-126,0.2,284,149,-4.331498,48.111668,1449143678
-126,0.2,282.5,148,-4.331498,48.111668,1449143682
-126,0,281.3,146,-4.331498,48.111668,1449143688
0,0,281.3,146,-4.331498,48.111668,1449143691
-126,0.1,275.7,144,-4.331498,48.111668,1449143698
-126,0.3,278.5,143,-4.331498,48.111668,1449143701
127,0.6,64.9,168,-4.3304815,48.111683,1449143981
127,0.4,62.8,169,-4.3304815,48.111683,1449143987
127,0.7,59.3,172,-4.330465,48.111717,1449143997
127,0.6,16.2,173,-4.330465,48.111717,1449144001
0,0.8,38,174,-4.3304315,48.111732,1449144008
127,0.5,47.4,175,-4.3304315,48.111732,1449144011
127,0.4,16.5,177,-4.330415,48.11175,1449144018
127,0.7,43.8,178,-4.3303986,48.11175,1449144021
127,0.3,31.1,181,-4.3303986,48.111767,1449144028
127,0.4,30.1,182,-4.330382,48.111767,1449144031
127,0.4,40.2,189,-4.330365,48.1118,1449144051
127,0.2,27,193,-4.3303485,48.111816,1449144061
127,0.2,34,195,-4.3303485,48.111816,1449144068
127,0,34,196,-4.3303485,48.11183,1449144071
127,0,34,198,-4.3303485,48.11183,1449144077
0,0.2,33.8,200,-4.3303485,48.11183,1449144088
0,0.3,34.2,200,-4.3303485,48.11183,1449144091
0,0.5,21.3,201,-4.330365,48.111816,1449144101
0,0.5,14.1,202,-4.330365,48.111816,1449144108
0,0.5,3.3,202,-4.330382,48.111816,1449144111
0,0.6,334.7,203,-4.3303986,48.1118,1449144122
127,0.5,62.1,162,-4.330715,48.111732,1449144738
127,0.5,60.2,164,-4.330715,48.111732,1449144747
127,0.3,57.4,165,-4.3306985,48.111732,1449144751
127,0.4,56.6,166,-4.330682,48.11175,1449144759
127,0.4,54.1,167,-4.330682,48.11175,1449144760
0,0.2,45,168,-4.330665,48.111767,1449144767
127,0.5,61.8,183,-4.3305483,48.11183,1449144826
127,0.3,93.2,193,-4.3305316,48.11183,1449144860
127,0.2,96.3,194,-4.330515,48.11183,1449144866
127,0.5,108.9,195,-4.330515,48.11183,1449144869
127,0.3,131.9,197,-4.330498,48.11183,1449144876
127,0.3,152.4,198,-4.330498,48.11183,1449144879
127,0.4,145.8,199,-4.3304815,48.11183,1449144886
127,0.6,203.4,200,-4.330498,48.111816,1449144889
127,0.5,176.7,201,-4.3304815,48.111816,1449144896
0,0.4,200.7,202,-4.3304815,48.111816,1449144900
0,0.4,208.1,203,-4.3304815,48.1118,1449144906
127,0.3,202.2,203,-4.3304815,48.1118,1449144909
0,0.4,219.6,204,-4.3304815,48.1118,1449144916
0,0.3,217,204,-4.3304815,48.111782,1449144919
127,0.1,76.3,196,-4.330732,48.111816,1449145738
0,0.3,81.5,197,-4.330732,48.111816,1449145746
0,0.4,94.1,197,-4.330732,48.111816,1449145751
0,0.4,112.2,197,-4.330732,48.111816,1449145757
0,0.6,144.9,197,-4.330732,48.111816,1449145759
0,0.6,167.1,197,-4.330732,48.1118,1449145766
0,0.5,175.4,197,-4.330732,48.1118,1449145771
-126,0.2,289.9,145,-4.3316817,48.11165,1449146098
-126,0,289.9,144,-4.3316817,48.11165,1449146101
-126,0,289.9,142,-4.3316817,48.11165,1449146108
-126,0.1,289.9,141,-4.3316817,48.11165,1449146112
-126,0.1,289.9,139,-4.3316817,48.11165,1449146119
-126,0.4,306.4,138,-4.3316817,48.11165,1449146121
0,0.2,305.9,137,-4.3316817,48.11165,1449146128
-126,0.5,319.6,136,-4.3316483,48.11165,1449146131
0,0.6,352.3,136,-4.3316483,48.11165,1449146138
0,0.5,12.7,135,-4.3316483,48.11165,1449146141
0,0.8,42.3,135,-4.3315983,48.11165,1449146148
127,0.5,59.3,168,-4.330448,48.11175,1449146391
127,0.4,60.1,171,-4.330448,48.111767,1449146398
127,0.4,62,175,-4.3304315,48.111767,1449146408
127,0.4,62.4,177,-4.330415,48.111767,1449146411
127,0.3,53.7,195,-4.3302984,48.11183,1449146447
127,0.3,54.1,197,-4.3302984,48.11183,1449146451
127,0.2,69.3,201,-4.3302984,48.11183,1449146461
127,0.1,65.1,204,-4.3302984,48.11183,1449146471
127,0.6,16.6,206,-4.330315,48.11183,1449146478
127,0.6,337.6,208,-4.330332,48.11183,1449146488
0,0.8,268.3,209,-4.330415,48.111816,1449146501
0,0.9,261.9,209,-4.330465,48.1118,1449146508
0,1.1,253.6,208,-4.3305483,48.111767,1449146518
0,1,248,208,-4.330615,48.11175,1449146528
-126,0.3,284.4,159,-4.331782,48.111633,1449146818
-126,0.3,285,158,-4.3317986,48.111633,1449146820
-126,0.3,284.8,155,-4.331815,48.11165,1449146827
-126,0.4,284.1,154,-4.331815,48.11165,1449146831
-126,0.2,281.7,151,-4.331815,48.11165,1449146837
-126,0.2,281.7,150,-4.3318315,48.11165,1449146841
-126,0.2,281.7,148,-4.3318315,48.11165,1449146847
-126,0.1,281.7,146,-4.3318315,48.11165,1449146851
-126,0.2,281.7,144,-4.3318315,48.11165,1449146857
-126,0.1,281.7,143,-4.3318315,48.11165,1449146860
-126,0,281.7,141,-4.3318315,48.11165,1449146867
-126,0,281.7,139,-4.3318315,48.11165,1449146871
0,0.2,281.7,138,-4.331848,48.11165,1449146878
-126,0.1,281.7,137,-4.331848,48.11165,1449146880
-126,0.2,281.7,135,-4.331848,48.11165,1449146887
0,0.3,282.3,135,-4.331848,48.11165,1449146891
0,0.3,282.3,135,-4.331848,48.11165,1449146891
0,0.4,282.9,134,-4.3318315,48.11165,1449146898
0,0.4,282.9,134,-4.3318315,48.11165,1449146898
0,0.5,283.9,134,-4.3318315,48.11165,1449146900
0,0.5,283.9,134,-4.3318315,48.11165,1449146901
0,0.5,285.9,134,-4.331815,48.11165,1449146907
0,0.5,285.9,134,-4.331815,48.11165,1449146907
0,0.6,289.8,133,-4.331782,48.11165,1449146912
127,0.5,40,167,-4.330682,48.1118,1449147171
127,0.4,26.9,169,-4.330665,48.111816,1449147177
127,0.5,27.4,170,-4.330665,48.11183,1449147182
127,102.3,360,173,-4.3306484,48.11183,1449147188
127,0.4,16.5,174,-4.3306484,48.11185,1449147190
127,0.4,16.5,174,-4.3306484,48.11185,1449147191
127,0.6,38.3,176,-4.3306317,48.11185,1449147197
127,0.6,38.3,176,-4.3306317,48.11185,1449147198
127,0.3,28.7,178,-4.3306317,48.11185,1449147201
127,0.3,28.7,178,-4.3306317,48.11185,1449147202
127,0.3,23.2,180,-4.330615,48.111866,1449147208
127,0.3,23.2,180,-4.330615,48.111866,1449147209
127,0.4,41.2,181,-4.330615,48.111866,1449147211
127,0.2,36.2,184,-4.3305984,48.111885,1449147217
127,0.6,54.9,186,-4.3305817,48.1119,1449147222
127,0.1,55,188,-4.3305817,48.1119,1449147228
127,0.1,55,188,-4.3305817,48.1119,1449147229
127,0.1,55,189,-4.3305817,48.1119,1449147230
127,0.1,55,189,-4.3305817,48.1119,1449147230
127,0,64.9,191,-4.3305817,48.1119,1449147237
127,0,64.9,191,-4.3305817,48.1119,1449147238
127,0.3,75.4,192,-4.3305817,48.1119,1449147242
127,0.3,101.5,194,-4.3305817,48.1119,1449147248
127,0.3,126.2,194,-4.3305817,48.1119,1449147250
127,0.3,140.4,196,-4.3305984,48.1119,1449147257
127,0.4,153.1,197,-4.3305984,48.1119,1449147262
127,0.5,176,198,-4.3305984,48.111885,1449147268
0,0.5,189.2,200,-4.330615,48.111866,1449147277
127,102.3,360,202,-4.330615,48.11185,1449147288
127,0.5,207,203,-4.330615,48.11185,1449147290
-126,0,280.1,147,-4.331615,48.111732,1449147661
-126,0,280.1,145,-4.331615,48.111732,1449147668
0,0.1,280.1,145,-4.331615,48.111732,1449147670
-126,0.2,280.1,144,-4.331615,48.111732,1449147677
0,0.3,287.2,143,-4.331615,48.111732,1449147681
0,0.3,281.3,143,-4.331615,48.111732,1449147687
0,0.4,281.2,142,-4.331615,48.111732,1449147690
127,0.3,51.7,178,-4.330465,48.111816,1449147990
127,0.3,70,192,-4.3304315,48.11185,1449148027
127,0.1,70,193,-4.330415,48.11185,1449148030
127,0.2,74.3,195,-4.3303986,48.11185,1449148036
127,0,74.3,197,-4.3303986,48.11185,1449148040
127,0.1,74.3,199,-4.3303986,48.11185,1449148047
127,0.1,74.3,202,-4.3303986,48.11185,1449148057
127,0.2,74.3,204,-4.330382,48.11185,1449148067
127,0.2,76.7,205,-4.330382,48.11185,1449148070
0,0.3,86.3,206,-4.330382,48.11185,1449148077
0,0.4,99.3,207,-4.330382,48.11183,1449148080
0,0.4,114.9,207,-4.330382,48.11183,1449148087
0,0.6,184.4,207,-4.330415,48.111816,1449148107
0,0.6,200.4,207,-4.3304315,48.1118,1449148110
-126,0.5,320.6,140,-4.331515,48.11175,1449148560
0,0.4,331.1,140,-4.331515,48.111732,1449148567
0,0.5,347.9,140,-4.331515,48.111732,1449148570
0,0.7,11.7,140,-4.3314815,48.111732,1449148576
0,0.6,33.2,140,-4.3314815,48.111732,1449148580
0,0.7,49.6,141,-4.3314486,48.111732,1449148587
127,0.7,70.1,181,-4.330415,48.111816,1449148847
127,0.2,62.6,189,-4.330365,48.11185,1449148871
127,0.5,84.7,195,-4.330332,48.11185,1449148887
127,0.1,86.1,196,-4.330332,48.11185,1449148891
127,0.1,86.1,198,-4.330332,48.11185,1449148897
127,0.4,94.8,199,-4.330332,48.11185,1449148900
127,0.3,93.7,201,-4.330315,48.11185,1449148907
127,0.4,103.3,202,-4.330315,48.11185,1449148911
127,0.1,111.5,204,-4.330315,48.11185,1449148917
127,0.3,123.1,206,-4.330315,48.11185,1449148927
127,0.3,157.2,208,-4.330315,48.11185,1449148937
127,0.5,195.6,209,-4.330315,48.11183,1449148947
127,0.4,62.2,174,-4.330815,48.1118,1449149660
127,0.3,61.5,176,-4.3307815,48.111816,1449149666
127,0.4,65.3,176,-4.330765,48.11183,1449149670
127,0.3,66.7,180,-4.330765,48.11183,1449149680
127,0.2,70.4,189,-4.330732,48.11183,1449149706
127,0.2,70.4,191,-4.330732,48.11183,1449149710
127,0.1,70.4,194,-4.330715,48.11185,1449149717
127,0.1,70.4,195,-4.330715,48.11185,1449149720
127,0.2,70.4,198,-4.3306985,48.11185,1449149726
127,0,70.4,199,-4.3306985,48.11185,1449149730
0,0.4,75.2,201,-4.3306985,48.11185,1449149740
0,0.3,100.1,202,-4.3306985,48.11185,1449149747
0,0.5,136,202,-4.3306985,48.11185,1449149750
0,0.5,158.7,202,-4.330715,48.11183,1449149757
0,0.6,190.9,202,-4.330715,48.11183,1449149760
0,0.6,206.3,202,-4.330732,48.11183,1449149767
0,0.6,214.3,202,-4.3307486,48.111816,1449149771
0,0.6,218.8,202,-4.3307815,48.111816,1449149777
0,0.7,227.3,202,-4.330798,48.1118,1449149780
-126,0.3,294,165,-4.331615,48.111683,1449150041
-126,0.5,303.8,162,-4.3316483,48.111683,1449150051
-126,0.3,306.8,160,-4.331665,48.1117,1449150058
-126,0.3,310.4,158,-4.3316817,48.1117,1449150061
-126,0.4,308.2,157,-4.3316984,48.1117,1449150068
-126,0.3,317.2,156,-4.3316984,48.1117,1449150071
-126,0.2,312.7,154,-4.3316984,48.1117,1449150078
-126,0.2,312.2,154,-4.3316984,48.1117,1449150080
-126,0.2,310.9,152,-4.3316984,48.1117,1449150088
-126,0.1,310.9,151,-4.3316984,48.1117,1449150090
0,0.1,310.9,151,-4.3316984,48.1117,1449150094
-126,0.1,310.9,150,-4.3316984,48.1117,1449150097
-126,0.1,310.9,149,-4.3316984,48.1117,1449150101
0,0.1,310.9,145,-4.3316984,48.111717,1449150131
0,0.2,314.5,144,-4.3316984,48.111717,1449150140
0,0.3,338.2,144,-4.3316817,48.111717,1449150151
0,0.4,20.2,143,-4.331665,48.111717,1449150161
0,0.5,68.6,143,-4.331665,48.1117,1449150170
0,0.3,92.7,142,-4.3316483,48.1117,1449150181
127,0.3,69.7,192,-4.3306484,48.11185,1449150537
127,0.3,69.7,192,-4.3306484,48.11185,1449150537
127,0.1,70.2,195,-4.3306484,48.11185,1449150544
127,0,78.3,199,-4.3306317,48.11185,1449150555
127,0.1,78.3,202,-4.330615,48.11185,1449150564
127,102.3,360,202,-4.330615,48.11185,1449150568
0,0.3,91.3,203,-4.330615,48.11185,1449150575
0,0.5,139.9,203,-4.330615,48.11185,1449150584
0,0.5,139.9,203,-4.330615,48.11185,1449150588
0,0.6,195.1,203,-4.3306317,48.11183,1449150595
0,0.6,195.1,203,-4.3306317,48.11183,1449150598
0,0.6,211.7,203,-4.3306484,48.11183,1449150604
0,0.6,219.6,203,-4.3306484,48.11183,1449150608
-126,102.3,360,162,-4.3315983,48.111683,1449150898
-126,0.4,301.4,160,-4.331615,48.111683,1449150905
-126,0.4,301.4,160,-4.331615,48.111683,1449150907
-126,0.3,313.7,158,-4.3316317,48.1117,1449150913
-126,102.3,360,156,-4.3316317,48.1117,1449150918
-126,0.2,310.8,154,-4.3316483,48.1117,1449150925
-126,0.2,310.8,154,-4.3316483,48.1117,1449150927
-126,0.1,310.8,152,-4.3316483,48.1117,1449150934
-126,102.3,360,150,-4.3316483,48.111717,1449150938
-126,0,310.8,149,-4.3316483,48.111717,1449150945
-126,0,310.8,148,-4.3316483,48.111717,1449150947
-126,0,310.8,146,-4.3316483,48.111717,1449150954
-126,102.3,360,145,-4.3316483,48.111717,1449150958
127,0.6,66.8,161,-4.330732,48.111732,1449151207
127,0.4,63,163,-4.330715,48.111732,1449151214
0,102.3,360,164,-4.3306985,48.111732,1449151218
127,0.4,63.4,166,-4.330665,48.11175,1449151225
127,0.4,63.4,166,-4.330665,48.11175,1449151228
127,0.4,58.7,167,-4.3306317,48.111767,1449151234
127,102.3,360,168,-4.330615,48.111767,1449151238
127,0.4,54.3,169,-4.330615,48.111782,1449151245
127,0.4,54.3,170,-4.3305984,48.111782,1449151247
127,0.4,52.5,171,-4.3305817,48.1118,1449151254
127,102.3,360,172,-4.330565,48.1118,1449151258
127,0.5,53.6,173,-4.3305483,48.111816,1449151264
127,0.5,53.6,175,-4.3305483,48.11183,1449151267
127,102.3,360,177,-4.330515,48.11183,1449151278
127,0.2,82.8,193,-4.3303986,48.111866,1449151325
127,0.2,82.8,194,-4.3303986,48.111866,1449151327
127,0.2,82.8,196,-4.3303986,48.111866,1449151334
127,0.1,92.7,200,-4.3303986,48.111866,1449151347
127,0.2,105.2,202,-4.3303986,48.111866,1449151354
127,0.2,105.2,204,-4.3303986,48.111866,1449151364
0,0.2,105.2,205,-4.3303986,48.11185,1449151367
127,0.2,114.4,206,-4.3303986,48.11185,1449151374
0,102.3,360,207,-4.3303986,48.11185,1449151378
127,0.3,133.8,208,-4.3303986,48.11185,1449151384
0,0.3,133.8,208,-4.3303986,48.11185,1449151387
127,0,161.8,197,-4.3301315,48.110733,1449152446
127,102.3,360,199,-4.3301315,48.110733,1449152453
127,0,161.8,202,-4.3301315,48.110733,1449152464
127,0,161.8,203,-4.3301315,48.110733,1449152466
127,102.3,360,205,-4.3301315,48.110733,1449152473
127,0.5,124.5,221,-4.3301315,48.110733,1449152513
127,0.4,109.5,223,-4.3301315,48.110733,1449152518
127,0.4,69.6,226,-4.3301315,48.110733,1449152524
127,0.4,69.6,227,-4.3301315,48.11075,1449152526
127,102.3,360,230,-4.3301315,48.11075,1449152533
127,0.4,13.9,234,-4.3301315,48.110783,1449152547
127,102.3,360,236,-4.330148,48.1108,1449152553
127,102.3,360,237,-4.330148,48.110817,1449152558
127,0.5,354.5,238,-4.330148,48.110832,1449152564
127,0.5,354.5,239,-4.330148,48.11085,1449152566
127,102.3,360,240,-4.330148,48.110867,1449152573
127,0.5,349.1,241,-4.330148,48.110867,1449152577
0,0.7,347.1,242,-4.330165,48.1109,1449152584
0,0.7,347.1,243,-4.330165,48.110916,1449152586
0,0.5,346,244,-4.330165,48.110916,1449152593
127,0.5,350.7,247,-4.330165,48.11095,1449152604
127,0.5,350.7,247,-4.330165,48.11095,1449152606
-126,0.8,356.3,230,-4.330165,48.111134,1449152654
-126,0.8,356.3,228,-4.330165,48.111134,1449152656
-126,102.3,360,225,-4.330165,48.11115,1449152663
-126,0.6,352,223,-4.3301816,48.111168,1449152667
-126,0.3,290,205,-4.3302484,48.11125,1449152714
-126,0.3,290,205,-4.3302484,48.11125,1449152717
0,0.4,268.5,204,-4.330265,48.11125,1449152723
0,102.3,360,203,-4.330265,48.11125,1449152728
0,0.6,240.6,203,-4.3302817,48.111233,1449152734
0,0.6,240.6,203,-4.3302984,48.111233,1449152737
0,102.3,360,203,-4.330315,48.111217,1449152743
0,0.7,212.5,203,-4.330332,48.1112,1449152747
-126,102.3,360,130,-4.3312316,48.110332,1449153258
-126,0.3,141.8,128,-4.3312316,48.110332,1449153265
-126,0.3,141.8,127,-4.3312316,48.110332,1449153267
-126,0.5,126.1,124,-4.331198,48.110317,1449153274
-126,102.3,360,122,-4.3311815,48.110317,1449153278
-126,0.8,120.6,119,-4.331115,48.1103,1449153285
-126,0.8,120.6,118,-4.3310986,48.110283,1449153287
-126,102.3,360,114,-4.3310485,48.11025,1449153293
-126,102.3,360,112,-4.331015,48.11025,1449153298
-126,1.2,118.3,108,-4.3309484,48.110218,1449153305
-126,102.3,360,104,-4.330865,48.110184,1449153314
-126,102.3,360,101,-4.330798,48.11015,1449153318
-126,1.8,111.3,98,-4.330732,48.110134,1449153325
-126,1.8,111.3,96,-4.3306985,48.110134,1449153327
-126,2,106.3,93,-4.3305984,48.110115,1449153334
-126,2,102.5,90,-4.3305316,48.110115,1449153338
-126,2.1,103,87,-4.330448,48.1101,1449153345
-126,2.1,103,86,-4.330415,48.1101,1449153347
-126,2.3,96.9,82,-4.3302984,48.110085,1449153354
-126,102.3,360,80,-4.3302317,48.110085,1449153358
-126,2.4,90.6,76,-4.330115,48.110085,1449153364
-126,2.4,90.6,75,-4.3300815,48.110085,1449153367
-126,2.5,88.5,71,-4.3299484,48.1101,1449153374
-126,102.3,360,69,-4.3298817,48.1101,1449153378
-126,2.6,83.3,65,-4.329748,48.110115,1449153385
-126,2.6,83.3,64,-4.3296986,48.110115,1449153387
-126,2.8,74.8,61,-4.329565,48.110134,1449153394
-126,102.3,360,59,-4.3294816,48.11015,1449153398
-126,3,77.3,56,-4.329365,48.110184,1449153405
-126,3,77.3,54,-4.329315,48.1102,1449153407
-126,3.4,77.5,50,-4.329165,48.110233,1449153414
-126,102.3,360,48,-4.329048,48.11025,1449153418
-126,3.4,56.3,43,-4.3288984,48.110317,1449153425
-126,3.4,56.3,41,-4.3288317,48.110332,1449153427
-126,4,54.8,37,-4.328698,48.110382,1449153434
-126,4.2,53.1,33,-4.328582,48.11045,1449153438
-126,4.7,57.2,28,-4.328415,48.110516,1449153445
-126,4.7,57.2,26,-4.3283815,48.11055,1449153448
-126,4.8,43.8,20,-4.328215,48.11067,1449153454
-126,102.3,360,16,-4.328115,48.110733,1449153458
-126,5,30.6,11,-4.3279815,48.11088,1449153465
-126,5,30.6,8,-4.327932,48.110935,1449153467
-126,5.2,20.3,3,-4.327815,48.111084,1449153474
-126,102.3,360,359,-4.3277483,48.111183,1449153479
-126,5.8,19.7,353,-4.327665,48.11135,1449153485
-126,5.8,19.7,351,-4.327648,48.111416,1449153488
-126,5.9,11.2,345,-4.327582,48.1116,1449153494
-126,5.9,11.2,345,-4.327582,48.1116,1449153494
-126,102.3,360,341,-4.327582,48.111717,1449153499
-126,6.1,0.9,335,-4.327565,48.111916,1449153505
-126,6.1,0.9,333,-4.327582,48.111965,1449153508
-126,6.1,0.9,333,-4.327582,48.111965,1449153508
-126,102.3,360,324,-4.3276815,48.112316,1449153519
-126,6.2,342,318,-4.327765,48.112484,1449153525
-126,6.2,342,318,-4.327765,48.112484,1449153525
-126,6.2,342,316,-4.327815,48.112568,1449153527
-126,6.2,342,316,-4.327815,48.112568,1449153528
-126,6.4,330.2,312,-4.3279486,48.112717,1449153535
-126,102.3,360,311,-4.328048,48.112816,1449153538
