0,0,54,317,-4.514838,48.369488,1443772182
0,0,72,317,-4.514835,48.369488,1443772194
-4,0,244,317,-4.5148315,48.369488,1443772203
5,0,18,317,-4.5148315,48.369488,1443772213
-7,0,198,317,-4.5148335,48.369488,1443772222
-4,0,310,317,-4.514835,48.369488,1443772232
0,0,270,315,-4.514785,48.369465,1443785067
0,0,270,315,-4.514785,48.369465,1443785069
0,0,270,315,-4.514785,48.369465,1443785071
0,0,270,315,-4.514785,48.369465,1443785073
0,0,270,315,-4.514785,48.369465,1443785075
0,0,270,315,-4.514785,48.369465,1443785077
0,0,270,315,-4.514785,48.369465,1443785079
0,0,270,315,-4.514785,48.369465,1443785081
0,0,270,315,-4.514785,48.369465,1443785083
0,0,270,315,-4.514785,48.369465,1443785085
0,0,270,315,-4.514785,48.369465,1443785087
0,0,270,315,-4.514785,48.369465,1443785089
0,0,270,315,-4.514785,48.369465,1443785091
0,0,270,315,-4.514785,48.369465,1443785094
0,0,270,315,-4.514785,48.369465,1443785097
0,0,270,315,-4.514785,48.369465,1443785099
0,0,270,315,-4.514785,48.369465,1443785101
0,0,270,315,-4.514785,48.369465,1443785103
0,0,270,315,-4.514785,48.369465,1443785105
0,0,270,315,-4.514785,48.369465,1443785107
0,0,270,315,-4.514785,48.369465,1443785109
0,0,270,315,-4.514785,48.369465,1443785111
0,0,270,315,-4.514785,48.369465,1443785113
0,0,270,315,-4.514785,48.369465,1443785115
0,0,270,315,-4.514785,48.369465,1443785117
0,0,270,315,-4.514785,48.369465,1443785119
0,0,270,315,-4.514785,48.369465,1443785121
0,0,270,315,-4.514785,48.369465,1443785123
0,0,270,315,-4.514785,48.369465,1443785125
0,0,270,315,-4.514785,48.369465,1443785127
0,0,270,315,-4.514785,48.369465,1443785129
0,0,270,315,-4.514785,48.369465,1443785131
0,0,270,315,-4.514785,48.369465,1443785133
0,0,270,315,-4.514785,48.369465,1443785135
0,0,270,315,-4.514785,48.369465,1443785137
0,0,270,315,-4.5147834,48.369465,1443785139
5,0,270,315,-4.5147834,48.369465,1443785141
0,0,270,315,-4.5147834,48.369465,1443785143
0,0,270,315,-4.5147834,48.369465,1443785145
0,0,270,315,-4.5147834,48.369465,1443785147
0,0,270,315,-4.5147834,48.369465,1443785149
0,0,270,315,-4.5147834,48.369465,1443785151
0,0,270,315,-4.5147834,48.369465,1443785153
0,0,270,315,-4.5147834,48.369465,1443785155
0,0,270,315,-4.5147834,48.369465,1443785157
0,0,270,315,-4.5147834,48.369465,1443785159
0,0,270,315,-4.5147834,48.369465,1443785162
0,0,270,315,-4.5147834,48.369465,1443785163
0,0,270,315,-4.5147834,48.369465,1443785165
0,0,270,315,-4.5147834,48.369465,1443785167
0,0,270,315,-4.5147834,48.369465,1443785169
0,0,270,315,-4.5147834,48.369465,1443785171
0,0,270,315,-4.5147834,48.369465,1443785173
0,0,270,315,-4.5147834,48.369465,1443785175
0,0,270,315,-4.5147834,48.369465,1443785177
0,0,270,315,-4.5147834,48.369465,1443785179
0,0,270,315,-4.5147834,48.369465,1443785181
0,0,270,315,-4.5147834,48.369465,1443785183
0,0,270,315,-4.5147834,48.369465,1443785185
0,0,270,315,-4.5147815,48.369465,1443785187
0,0,270,315,-4.5147815,48.369465,1443785189
0,0,270,315,-4.5147815,48.369465,1443785191
0,0,270,315,-4.5147815,48.369465,1443785193
0,0,213,316,-4.5148,48.36949,1443861267
0,0,213,316,-4.5148,48.36949,1443861269
0,0,213,316,-4.5148,48.36949,1443861271
0,0,213,316,-4.5148,48.36949,1443861273
0,0,213,316,-4.5148015,48.36949,1443861275
0,0,213,316,-4.5148015,48.36949,1443861277
0,0,213,316,-4.5148015,48.36949,1443861279
0,0,213,316,-4.5148015,48.36949,1443861281
0,0,213,316,-4.5148015,48.36949,1443861283
0,0,213,316,-4.5148015,48.36949,1443861285
0,0,213,316,-4.5148015,48.36949,1443861287
0,0,213,316,-4.5148015,48.36949,1443861289
0,0,213,316,-4.5148015,48.36949,1443861291
0,0,213,316,-4.5148,48.369495,1443861294
0,0,213,316,-4.514798,48.3695,1443861295
0,0,213,316,-4.514795,48.369507,1443861297
0,0,213,316,-4.5147934,48.369507,1443861299
0,0,213,316,-4.5147934,48.36951,1443861301
0,0,213,316,-4.514795,48.36951,1443861304
0,0,213,316,-4.514795,48.369507,1443861305
0,0,213,316,-4.514795,48.369507,1443861307
0,0,213,316,-4.514795,48.369507,1443861309
0,0,213,316,-4.514795,48.369507,1443861311
0,0,213,316,-4.514795,48.369507,1443861313
0,0,213,316,-4.514795,48.369507,1443861315
0,0,213,316,-4.514795,48.369507,1443861317
0,0,213,316,-4.5147967,48.369507,1443861319
0,0,213,316,-4.5147967,48.369507,1443861321
0,0,213,316,-4.514798,48.369507,1443861323
0,0,213,316,-4.514798,48.369507,1443861325
0,0,213,316,-4.514798,48.369503,1443861327
0,0,213,316,-4.514798,48.369503,1443861329
0,0,213,316,-4.514798,48.3695,1443861331
0,0,213,316,-4.5148,48.3695,1443861333
0,0,213,316,-4.5148,48.3695,1443861335
0,0,213,316,-4.5148,48.3695,1443861337
0,0,213,316,-4.5148,48.3695,1443861339
0,0,213,316,-4.5148,48.3695,1443861341
0,0,213,316,-4.5148015,48.3695,1443861343
0,0,213,316,-4.5148015,48.369495,1443861345
0,0,213,316,-4.5148015,48.369495,1443861347
0,0,213,316,-4.5148015,48.369495,1443861349
0,0,213,316,-4.5148015,48.369495,1443861351
0,0,213,316,-4.5148015,48.36949,1443861353
0,0,213,316,-4.5148034,48.36949,1443861355
0,0,213,316,-4.5148034,48.36949,1443861357
0,0,213,316,-4.5148034,48.36949,1443861359
0,0,213,316,-4.5148034,48.36949,1443861361
0,0,213,316,-4.5148034,48.36949,1443861363
0,0,213,316,-4.5148034,48.36949,1443861365
0,0,213,316,-4.5148034,48.36949,1443861367
0,0,213,316,-4.5148034,48.36949,1443861369
0,0,213,316,-4.5148034,48.36949,1443861371
0,0,213,316,-4.514805,48.36949,1443861373
0,0,213,316,-4.514805,48.36949,1443861375
0,0,213,316,-4.514805,48.36949,1443861377
0,0,213,316,-4.514805,48.36949,1443861379
0,0,213,316,-4.514805,48.36949,1443861381
0,0,213,316,-4.514805,48.36949,1443861383
0,0,213,316,-4.514805,48.36949,1443861385
0,0,213,316,-4.514805,48.36949,1443861387
0,0,213,316,-4.514805,48.36949,1443861389
0,0,213,316,-4.514805,48.36949,1443861391
0,0,213,316,-4.514805,48.36949,1443861393
-4,0.1,262,316,-4.514867,48.369465,1444026931
0,0.1,301,316,-4.5148683,48.369465,1444026933
0,0.1,37,316,-4.514867,48.36947,1444026935
0,0.1,228,316,-4.514867,48.36947,1444026938
0,0.1,233,316,-4.5148683,48.36947,1444026940
0,0.1,344,316,-4.5148683,48.36947,1444026941
0,0,190,316,-4.5148683,48.369473,1444026943
0,0.1,167,316,-4.5148683,48.369473,1444026945
5,0.1,258,316,-4.5148735,48.369503,1444026947
0,0.1,121,316,-4.5148735,48.369507,1444026949
5,0.1,272,316,-4.514875,48.369507,1444026951
0,0.1,266,316,-4.514875,48.369507,1444026953
0,0,165,316,-4.514875,48.369507,1444026955
0,0.1,343,316,-4.514875,48.369507,1444026957
0,0.1,291,316,-4.514877,48.369507,1444026960
-4,0.1,311,316,-4.514875,48.369507,1444026961
0,0,3,316,-4.514875,48.369507,1444026963
-4,0.1,324,316,-4.514875,48.369507,1444026966
0,0,347,316,-4.514875,48.369507,1444026967
0,0.1,306,316,-4.514877,48.369507,1444026969
0,0.1,321,316,-4.514877,48.369507,1444026971
0,0.1,158,316,-4.514877,48.369507,1444026974
0,0.1,124,316,-4.5148783,48.369507,1444026975
0,0.1,346,316,-4.51488,48.369507,1444026977
0,0.1,147,316,-4.5148816,48.369507,1444026979
5,0.1,98,316,-4.5148816,48.369507,1444026981
0,0.1,107,316,-4.5148816,48.369507,1444026983
0,0.1,158,316,-4.51488,48.369507,1444026985
0,0.1,313,316,-4.5148816,48.369507,1444026987
0,0.1,25,316,-4.51488,48.369503,1444026989
0,0,255,316,-4.51488,48.369503,1444026991
0,0.1,19,316,-4.514875,48.369473,1444026993
0,0,317,316,-4.5148716,48.369473,1444026995
0,0,227,316,-4.514857,48.369473,1444026998
0,0.1,236,316,-4.514865,48.369473,1444026999
0,0,328,316,-4.514867,48.36947,1444027001
0,0,341,316,-4.5148683,48.369473,1444027003
0,0,251,316,-4.514867,48.369473,1444027005
0,0.1,211,316,-4.5148683,48.369473,1444027007
0,0,194,316,-4.5148683,48.369473,1444027009
0,0.1,49,316,-4.5148683,48.369473,1444027011
0,0,21,316,-4.5148683,48.369473,1444027013
0,0.1,222,316,-4.5148683,48.369473,1444027015
0,0,33,316,-4.5148683,48.369473,1444027017
0,0,222,316,-4.514867,48.369473,1444027019
0,0,255,316,-4.514867,48.369473,1444027021
0,0,63,316,-4.514867,48.369473,1444027023
0,0.1,231,316,-4.514867,48.369473,1444027026
0,0,358,316,-4.514867,48.369473,1444027027
0,0,10,316,-4.5148635,48.369473,1444027029
0,0,119,316,-4.5148635,48.369473,1444027031
0,0,51,316,-4.5148616,48.369473,1444027033
0,0.1,210,316,-4.5148616,48.369476,1444027035
0,0,40,316,-4.5148616,48.369476,1444027038
0,0.1,235,316,-4.5148635,48.369476,1444027040
0,0,178,316,-4.514865,48.369476,1444027041
0,0,26,316,-4.5148635,48.369476,1444027044
0,0,213,316,-4.514865,48.369476,1444027045
0,0,316,316,-4.5148635,48.36948,1444027047
0,0,40,316,-4.5148616,48.36948,1444027050
0,0,354,316,-4.51486,48.36948,1444027051
0,0,214,316,-4.5148582,48.36948,1444027053
0,0,260,316,-4.5148582,48.36948,1444027055
0,0,212,315,-4.514323,48.36915,1448262702
0,0,212,315,-4.514323,48.36915,1448262711
0,0,212,315,-4.514322,48.36915,1448262721
0,0,212,315,-4.514322,48.36915,1448262732
0,0,212,315,-4.514322,48.36915,1448262742
0,0,212,315,-4.514323,48.36915,1448262752
0,0,319,317,-4.514827,48.369488,1443772361
9,0,116,317,-4.5148335,48.36949,1443772541
0,0,46,317,-4.514827,48.369488,1443772720
0,0,46,317,-4.514827,48.369488,1443772720
0,0,172,317,-4.514825,48.36949,1443772900
0,0,269,317,-4.51485,48.369488,1443773081
0,0,197,317,-4.5148416,48.3695,1443773262
0,0,334,317,-4.514838,48.3695,1443773621
-7,0.1,336,316,-4.5148234,48.369465,1443773802
-10,0,64.5,316,-4.514702,48.369385,1443773982
0,0,360,315,-4.514735,48.3694,1443785007
0,0,360,315,-4.514735,48.3694,1443785009
0,0,360,315,-4.514735,48.3694,1443785011
0,0,360,315,-4.514735,48.3694,1443785013
0,0,360,315,-4.514735,48.3694,1443785015
0,0,360,315,-4.514735,48.3694,1443785019
0,0,360,315,-4.5147333,48.3694,1443785021
0,0,270,315,-4.5147867,48.369465,1443785023
0,0,270,315,-4.5147867,48.369465,1443785025
0,0,270,315,-4.5147867,48.369465,1443785027
0,0,270,315,-4.5147867,48.369465,1443785029
0,0,270,315,-4.5147867,48.369465,1443785031
0,0,270,315,-4.5147867,48.369465,1443785033
0,0,270,315,-4.5147867,48.369465,1443785035
0,0,270,315,-4.5147867,48.369465,1443785037
0,0,270,315,-4.5147867,48.369465,1443785039
0,0,270,315,-4.5147867,48.369465,1443785041
0,0,270,315,-4.5147867,48.369465,1443785043
0,0,270,315,-4.5147867,48.369465,1443785045
0,0,270,315,-4.5147867,48.369465,1443785047
0,0,270,315,-4.5147867,48.369465,1443785049
0,0,270,315,-4.5147867,48.369465,1443785051
0,0,270,315,-4.5147867,48.369465,1443785053
0,0,270,315,-4.5147867,48.369465,1443785055
0,0,270,315,-4.5147867,48.369465,1443785057
0,0,270,315,-4.5147867,48.369465,1443785059
0,0,270,315,-4.5147867,48.369465,1443785061
0,0,270,315,-4.514785,48.369465,1443785063
0,0,270,315,-4.514785,48.369465,1443785065
0,0,270,315,-4.5147815,48.369465,1443785203
0,0,270,315,-4.514795,48.36947,1443785383
0,0,270,315,-4.514827,48.36947,1443785563
0,0,270,315,-4.5148416,48.369473,1443785745
0,0,270,316,-4.514838,48.369465,1443785923
0,0,270,316,-4.5148234,48.369457,1443786104
0,0,270,316,-4.5148034,48.36946,1443786284
8,0,270,316,-4.514785,48.369514,1443786464
0,0,270,316,-4.514818,48.36948,1443786644
7,0,270,316,-4.5148416,48.369473,1443786823
7,0,270,316,-4.5148416,48.369473,1443786824
0,0,270,316,-4.514828,48.36947,1443787003
0,0,270,316,-4.51479,48.36948,1443787184
0,0,270,316,-4.514877,48.369434,1443787364
0,0,196,316,-4.514935,48.36928,1443787544
0,0,174.3,316,-4.51481,48.369453,1443787723
0,0,127.5,316,-4.5148067,48.369453,1443787904
0,0,77.8,316,-4.514805,48.36946,1443788084
0,0,96.7,316,-4.5148067,48.369465,1443788263
0,0,277.9,316,-4.514815,48.369473,1443788443
0,0.1,351.4,316,-4.514818,48.36946,1443788624
0,0,69.3,316,-4.51481,48.36946,1443788804
0,0,213.6,316,-4.514808,48.369473,1443788983
0,0,34,316,-4.514808,48.369465,1443789163
0,0,133.7,316,-4.5148115,48.36947,1443789343
0,0,114.9,316,-4.5148067,48.369473,1443789524
0,0,114.9,316,-4.5148067,48.369473,1443789524
0,0,5.6,316,-4.5148067,48.36948,1443789704
0,0.2,1.3,316,-4.514805,48.369488,1443789883
0,0,67,316,-4.5148034,48.369488,1443790064
5,0.1,223,316,-4.5148015,48.369488,1443790244
0,0,274.2,316,-4.5148015,48.369484,1443790423
0,0,274.2,316,-4.5148015,48.369484,1443790424
0,0,35.6,316,-4.5147967,48.369488,1443790604
0,0.1,344.6,316,-4.514798,48.369476,1443790785
0,0,360,316,-4.51473,48.36938,1443790964
0,0,360,316,-4.5147433,48.369396,1443861207
0,0,360,316,-4.5147433,48.369396,1443861207
0,0,360,316,-4.514742,48.369396,1443861209
0,0,360,316,-4.514742,48.369396,1443861209
0,0,360,316,-4.51474,48.3694,1443861211
0,0,360,316,-4.51474,48.3694,1443861212
0,0,360,316,-4.5147386,48.3694,1443861213
0,0,360,316,-4.514735,48.3694,1443861215
0,0,360,316,-4.514735,48.3694,1443861215
0,0,360,316,-4.5147333,48.3694,1443861217
0,0,360,316,-4.514732,48.3694,1443861219
0,0,360,316,-4.514732,48.3694,1443861220
0,0,360,316,-4.5147285,48.3694,1443861221
0,0,360,316,-4.5147285,48.3694,1443861221
0,0,360,316,-4.5147266,48.3694,1443861223
0,0,213,316,-4.5148015,48.369473,1443861225
0,0,213,316,-4.5148015,48.369473,1443861227
0,0,213,316,-4.514798,48.36948,1443861229
0,0,213,316,-4.5147967,48.369484,1443861231
0,0,213,316,-4.5147967,48.369484,1443861231
0,0,213,316,-4.5147934,48.36949,1443861233
0,0,213,316,-4.5147934,48.36949,1443861233
0,0,213,316,-4.5147934,48.36949,1443861235
0,0,213,316,-4.5147934,48.36949,1443861237
0,0,213,316,-4.5147934,48.36949,1443861237
0,0,213,316,-4.514795,48.36949,1443861239
0,0,213,316,-4.514795,48.36949,1443861241
0,0,213,316,-4.514795,48.36949,1443861243
0,0,213,316,-4.514795,48.36949,1443861245
0,0,213,316,-4.514795,48.36949,1443861247
0,0,213,316,-4.514795,48.36949,1443861249
0,0,213,316,-4.5147967,48.36949,1443861251
0,0,213,316,-4.5147967,48.36949,1443861253
0,0,213,316,-4.5147967,48.36949,1443861255
0,0,213,316,-4.514798,48.36949,1443861257
0,0,213,316,-4.514798,48.36949,1443861259
0,0,213,316,-4.514798,48.36949,1443861261
0,0,213,316,-4.514798,48.36949,1443861263
0,0,213,316,-4.5148,48.36949,1443861265
0,0,213,316,-4.5148034,48.36949,1443861405
0,0,213,316,-4.5147834,48.369484,1443861585
0,0,213,316,-4.514798,48.369488,1443861765
0,0,213,316,-4.51481,48.369488,1443861944
0,0,213,316,-4.5147934,48.369473,1443862124
0,0,213,316,-4.514815,48.36951,1443862305
0,0,213,316,-4.514825,48.36949,1443862664
0,0,21,316,-4.5150166,48.36917,1443862844
0,0,21,316,-4.514943,48.36931,1443863025
0,0,21,316,-4.51523,48.369015,1443863205
0,0,21,316,-4.51473,48.36958,1443863385
0,0,21,316,-4.5147915,48.369553,1443863743
0,0,21,316,-4.514825,48.36952,1443863925
0,0,21,316,-4.514818,48.369534,1443864105
0,0,21,316,-4.5148168,48.369453,1443864285
0,0,21,316,-4.5147915,48.369473,1443864465
0,0,21,316,-4.514805,48.36947,1443864644
0,0,21,316,-4.5148,48.36948,1443864825
0,0,21,316,-4.5148,48.36948,1443864826
0,0,21,316,-4.5148034,48.369495,1443865004
0,0,21,316,-4.51481,48.369534,1443865185
0,0,21,316,-4.514795,48.36951,1443865364
0,0,21,316,-4.514775,48.36947,1443865545
0,0,21,316,-4.514755,48.369503,1443865724
0,0,21,316,-4.514755,48.369503,1443865724
0,0,21,316,-4.514768,48.3695,1443865903
0,0,21,316,-4.51478,48.369484,1443866085
0,0,21,316,-4.514818,48.36948,1443866264
0,0,360,316,-4.5147266,48.36941,1444026871
0,0,360,316,-4.5147266,48.36941,1444026873
0,0,360,316,-4.5147266,48.36941,1444026875
0,0,360,316,-4.5147266,48.36941,1444026877
0,0,360,316,-4.5147285,48.36941,1444026879
0,0,360,316,-4.51473,48.36941,1444026881
0,0,360,316,-4.51473,48.36941,1444026883
0,0,360,316,-4.51473,48.36941,1444026885
-4,0,360,316,-4.514732,48.36941,1444026888
0,0,36,316,-4.514867,48.3695,1444026889
0,0,337,316,-4.51487,48.369507,1444026891
0,0.2,169,316,-4.51487,48.36951,1444026894
0,0,74,316,-4.514865,48.369488,1444026895
0,0,279,316,-4.514865,48.36948,1444026897
0,0.1,321,316,-4.514867,48.369484,1444026899
0,0,0,316,-4.5148635,48.369484,1444026901
0,0.1,212,316,-4.514865,48.36948,1444026904
0,0.1,209,316,-4.5148635,48.369488,1444026905
0,0.1,340,316,-4.51486,48.369495,1444026907
-4,0.2,186,316,-4.5148635,48.369465,1444026909
0,0,263,316,-4.5148635,48.369465,1444026912
0,0.1,172,316,-4.5148616,48.369465,1444026914
0,0.1,246,316,-4.5148616,48.369465,1444026915
0,0.1,7,316,-4.5148635,48.369473,1444026917
0,0.1,123,316,-4.5148635,48.36947,1444026919
0,0,328,316,-4.5148635,48.36947,1444026921
0,0,303,316,-4.514865,48.36947,1444026923
0,0.1,143,316,-4.514867,48.36947,1444026925
0,0.1,94,316,-4.514867,48.369465,1444026928
0,0.1,200,316,-4.514867,48.369465,1444026929
0,0,37,316,-4.514857,48.369488,1444027069
-6,0,291,316,-4.514867,48.369507,1444027248
0,0.1,161,316,-4.514857,48.369495,1444027428
0,0.1,161,316,-4.514857,48.369495,1444027429
0,0,296,316,-4.514875,48.3695,1444027608
0,0,24,317,-4.5148816,48.369507,1444027788
0,0,227,317,-4.514867,48.3695,1444027969
0,0.1,279,317,-4.51486,48.3695,1444028150
9,0,323,317,-4.514855,48.3695,1444028328
9,0,323,317,-4.514855,48.3695,1444028328
0,0,45,317,-4.514875,48.36949,1444028510
0,0,278,317,-4.5148716,48.369488,1444028690
0,0,86,317,-4.5148582,48.3695,1444028869
0,0.1,286,317,-4.514855,48.369507,1444029049
5,0.1,273,317,-4.514855,48.36949,1444029228
5,0,282,317,-4.5148516,48.369514,1444029409
-7,0,166,317,-4.514838,48.36949,1444029590
0,0,3,317,-4.5148516,48.3695,1444029769
0,0,316,317,-4.5148516,48.369488,1444029948
0,0,246,316,-4.5148335,48.3695,1444030129
0,0,164,316,-4.51486,48.36952,1444030309
5,0,89,316,-4.5148683,48.3695,1444030489
0,0,197,316,-4.514855,48.369507,1444030668
-7,0,123,316,-4.5148582,48.369495,1444030850
0,0,63,316,-4.5148616,48.369514,1444031029
0,0,63,316,-4.5148616,48.369514,1444031030
0,0,246,316,-4.514847,48.369507,1444031209
-6,0,310,316,-4.514847,48.369503,1444031388
-10,0.1,33,316,-4.514855,48.369526,1444031568
0,0.1,180,316,-4.51486,48.36951,1444031748
0,0,131,316,-4.51485,48.369507,1444031928
0,0,131,316,-4.51485,48.369507,1444031929
-4,0.1,241,316,-4.514845,48.369514,1444032109
0,0,178,316,-4.514827,48.369488,1444032288
0,0,241,316,-4.5148315,48.36948,1444032468
0,0,221,316,-4.514855,48.3695,1444032649
0,0.1,275,316,-4.5148616,48.369495,1444032829
0,0,305,316,-4.51484,48.369503,1444033008
0,0.1,351,316,-4.514835,48.369495,1444033189
0,0.1,314,316,-4.514847,48.369488,1444033370
8,0.1,122,316,-4.5148335,48.369488,1444033550
0,0.1,139,316,-4.5148416,48.369488,1444033728
0,0,129,316,-4.514827,48.369488,1444033908
0,0,185,316,-4.5148315,48.36949,1444034088
0,0.1,286,316,-4.5148315,48.36949,1444034268
0,0.1,58,316,-4.5148435,48.369526,1444034448
7,0.1,284,316,-4.514845,48.369514,1444034630
7,0.1,284,316,-4.514845,48.369514,1444034630
0,0,141,316,-4.5148582,48.369514,1444034808
0,0,305,316,-4.514847,48.369488,1444034988
0,0.1,46,316,-4.5148416,48.369495,1444035169
0,0.3,29,316,-4.514855,48.369473,1444035349
0,0.1,194,316,-4.514838,48.36951,1444035529
0,0.1,194,316,-4.514838,48.36951,1444035530
0,0,159,316,-4.51485,48.369488,1444035708
-8,0.1,336,316,-4.51484,48.3695,1444035888
0,0,97,316,-4.5148716,48.369465,1444036068
-6,0,314,316,-4.5148134,48.36949,1444036248
0,0.1,272,316,-4.514808,48.36949,1444036430
0,0.1,315,316,-4.51481,48.369484,1444036609
0,0.1,143,316,-4.5148435,48.369488,1444036788
0,0,221,316,-4.514818,48.3695,1444036968
0,0,106,316,-4.51482,48.36949,1444037149
0,0.1,85,316,-4.5148168,48.36949,1444037328
7,0.1,223,316,-4.514815,48.36949,1444037509
0,0,318,316,-4.5148335,48.36949,1444037688
0,0.1,104,316,-4.5148315,48.36948,1444037868
0,0,153,316,-4.5148335,48.369488,1444038048
0,0,141,316,-4.5148215,48.36949,1444038228
0,0.1,29,316,-4.5148215,48.36948,1444038410
0,0,173,316,-4.514828,48.369488,1444038589
0,0,86,316,-4.51483,48.369476,1444038769
0,0.1,48,316,-4.514827,48.369488,1444038949
0,0,234,316,-4.5148416,48.3695,1444039129
0,0,234,316,-4.5148416,48.3695,1444039129
-6,0.1,76,316,-4.5148168,48.3695,1444039308
7,0.1,74,316,-4.514835,48.369534,1444039490
0,0.1,33,316,-4.514845,48.369526,1444039669
0,0,279,316,-4.5148234,48.369488,1444040030
0,0,202,316,-4.5148416,48.369473,1444040209
0,0.1,231,316,-4.5147934,48.369526,1444040388
0,0.1,38,316,-4.5148067,48.369514,1444040568
0,0,52,316,-4.5148134,48.36952,1444040749
-4,0,88,316,-4.51482,48.3695,1444040929
5,0,300,316,-4.514838,48.3695,1444041109
0,0,230,316,-4.5148168,48.3695,1444041288
0,0,44,316,-4.5148067,48.369507,1444041468
0,0.1,67,316,-4.514828,48.3695,1444041648
0,0,174,316,-4.5148215,48.369514,1444041829
0,0,174,316,-4.5148215,48.369514,1444041830
0,0.1,257,316,-4.514835,48.36951,1444042008
0,0,88,316,-4.5148215,48.36952,1444042189
0,0,219,316,-4.514808,48.3695,1444042368
0,0.1,21,316,-4.5148115,48.36949,1444042549
5,0.1,151,317,-4.514827,48.369476,1444042728
5,0.1,151,317,-4.514827,48.369476,1444042728
0,0,354,316,-4.5148234,48.36949,1444042909
0,0,213,316,-4.514825,48.36948,1444043088
0,0.1,62,317,-4.51483,48.369507,1444043268
0,0,341,316,-4.5148168,48.369503,1444043448
0,0,141,316,-4.5148234,48.3695,1444043629
0,0,182,316,-4.5148234,48.369503,1444043809
0,0,284,316,-4.514845,48.3695,1444043988
0,0,177,316,-4.514837,48.3695,1444044169
0,0,342,316,-4.514838,48.3695,1444044349
0,0,241,316,-4.5148215,48.36949,1444044528
0,0,228,316,-4.5148215,48.369507,1444044709
0,0,292,316,-4.514827,48.36949,1444044888
0,0,226,316,-4.514815,48.369507,1444045068
0,0,191,316,-4.514827,48.3695,1444045248
0,0,279,316,-4.51482,48.36949,1444045428
0,0,279,316,-4.51482,48.36949,1444045429
0,0,18,316,-4.5148435,48.3695,1444045789
0,0.1,22,316,-4.514848,48.369488,1444045968
0,0.1,23,316,-4.51487,48.36949,1444046149
0,0,127,316,-4.514835,48.3695,1444046328
0,0,127,316,-4.514835,48.3695,1444046329
0,0,232,316,-4.514848,48.369526,1444046509
5,0.1,301,316,-4.5148516,48.369507,1444046688
0,0,229,316,-4.514848,48.36949,1444046870
0,0.1,341,316,-4.5148335,48.369503,1444047048
0,0,171,316,-4.514835,48.369488,1444047229
0,0,184,316,-4.5147934,48.36949,1444047409
0,0,358,316,-4.5147967,48.36949,1444047589
0,0.1,305,316,-4.5148168,48.369534,1444047769
0,0,355,316,-4.514818,48.36952,1444047949
0,0,73,316,-4.5148067,48.3695,1444048129
0,0.1,332,316,-4.5148315,48.369514,1444048309
0,0,111,316,-4.51482,48.36952,1444048488
0,0,357,316,-4.51482,48.36952,1444048669
0,0,305,316,-4.514827,48.36952,1444048849
-4,0.1,308,316,-4.514818,48.369514,1444049029
-4,0.1,308,316,-4.514818,48.369514,1444049030
0,0.1,260,316,-4.5148416,48.369526,1444049208
0,0,5,316,-4.514835,48.369534,1444049388
0,0.1,135,316,-4.514818,48.369526,1444049568
0,0.1,127,316,-4.514815,48.369514,1444049748
-7,0.1,29,316,-4.51482,48.369545,1444049928
-7,0.1,29,316,-4.51482,48.369545,1444049929
8,0,14,316,-4.5148015,48.36954,1444050109
0,0,174,316,-4.514808,48.369534,1444050289
0,0,351,316,-4.5148168,48.369534,1444050469
0,0,265,316,-4.514798,48.369522,1444050649
0,0.1,10,316,-4.5148067,48.369545,1444051008
0,0.1,54,316,-4.514808,48.3695,1444051189
0,0,306,316,-4.514865,48.3695,1444051369
0,0,46,316,-4.5147967,48.369488,1444051548
0,0,160,316,-4.514837,48.369495,1444051728
0,0,75,316,-4.5148034,48.36949,1444051908
0,0.1,230,316,-4.51482,48.36949,1444052088
0,0.2,223,316,-4.514855,48.36948,1444052270
0,0,64,316,-4.514847,48.369476,1444052448
0,0,287,316,-4.514838,48.369488,1444052628
0,0,200,316,-4.514848,48.369465,1444052809
0,0,296,316,-4.514847,48.36949,1444052989
0,0.1,44,316,-4.51486,48.369488,1444053169
0,0,207,316,-4.514798,48.369507,1444053348
0,0.1,60,316,-4.5148416,48.369488,1444053529
0,0.1,8,316,-4.514857,48.369476,1444053708
0,0,359,316,-4.51486,48.36948,1444053889
0,0.1,241,316,-4.514818,48.36949,1444054069
0,0.1,45,316,-4.5147915,48.369507,1444054249
0,0.1,60,316,-4.514847,48.369488,1444054429
0,0,187,316,-4.514867,48.369465,1444054610
0,0,337,316,-4.5148535,48.369473,1444054789
0,0,348,316,-4.5147834,48.369507,1444054969
0,0.1,35,316,-4.514798,48.3695,1444055148
0,0,213,316,-4.51482,48.369495,1444055328
0,0.1,124,316,-4.51483,48.369484,1444055689
-4,0.1,68,316,-4.514827,48.369488,1444055869
0,0,271,316,-4.51483,48.369473,1444056048
0,0.2,206,316,-4.514845,48.36952,1444056229
0,0.2,206,316,-4.514845,48.36952,1444056229
0,0.1,359,316,-4.5148435,48.3695,1444056409
-4,0.1,344,316,-4.5148435,48.36949,1444056588
0,0,23,316,-4.5148134,48.369507,1444056769
0,0.1,357,316,-4.5148315,48.36951,1444057308
0,0,137,316,-4.514848,48.36952,1444057488
0,0.1,209,316,-4.514855,48.36949,1444057670
0,0,102,316,-4.514857,48.36948,1444057849
-4,0.1,28,316,-4.514828,48.369507,1444058028
-7,0,160,316,-4.5148635,48.369473,1444058209
0,0,348,316,-4.5148735,48.369465,1444058389
0,0,169,316,-4.514848,48.369488,1444058748
0,0,198,316,-4.51487,48.36949,1444058928
0,0,44,316,-4.5148335,48.36948,1444059108
0,0,196,316,-4.51483,48.36949,1444059289
0,0.1,25,316,-4.514825,48.3695,1444059469
-7,0,263,316,-4.5148234,48.36949,1444059648
0,0,200,316,-4.5147967,48.369507,1444059828
0,0,200,316,-4.5147967,48.369507,1444059828
0,0,81,316,-4.51481,48.36951,1444060010
0,0,54,316,-4.51483,48.369495,1444060189
0,0.1,349,316,-4.5148416,48.36949,1444060368
0,0.1,136,316,-4.5148535,48.36948,1444060548
0,0.1,152,316,-4.51485,48.3695,1444060729
0,0.1,152,316,-4.51485,48.3695,1444060730
0,0,208,316,-4.51484,48.369488,1444060910
-4,0,350,316,-4.51485,48.369495,1444061088
0,0.1,51,316,-4.514837,48.3695,1444061269
5,0,215,316,-4.514828,48.369514,1444061449
0,0,282,316,-4.514845,48.369507,1444061629
0,0,129,316,-4.5148315,48.3695,1444061809
0,0,315,316,-4.5148335,48.369488,1444061988
0,0,172,316,-4.5148215,48.36949,1444062169
0,0,356,316,-4.5148416,48.369484,1444062348
-7,0,162,316,-4.5148335,48.36949,1444062528
0,0,17,316,-4.514847,48.369484,1444062710
0,0.1,108,316,-4.514848,48.369495,1444062888
-6,0,231,316,-4.514845,48.36949,1444063068
0,0,324,316,-4.51483,48.36949,1444063248
-4,0,188,316,-4.514848,48.369488,1444063428
-4,0,188,316,-4.514848,48.369488,1444063428
0,0,213,316,-4.51485,48.369495,1444063608
5,0.2,294,316,-4.514827,48.369514,1444063789
0,0.1,134,316,-4.5148416,48.36949,1444063968
0,0.1,303,316,-4.514865,48.369495,1444064149
0,0,137,316,-4.5148435,48.369507,1444064328
0,0,137,316,-4.5148435,48.369507,1444064329
7,0,224,316,-4.5148716,48.36949,1444064508
0,0,114,316,-4.514847,48.36949,1444064689
5,0.1,105,316,-4.514848,48.36949,1444064869
0,0,297,316,-4.514848,48.369526,1444065048
0,0.1,31,316,-4.514847,48.36949,1444065228
0,0.1,196,316,-4.51486,48.369488,1444065409
-6,0.1,222,316,-4.514805,48.36949,1444065589
0,0,102,316,-4.5148,48.369507,1444065769
0,0.1,233,316,-4.5148115,48.369488,1444065949
0,0,294,316,-4.51482,48.36949,1444066129
0,0,292,316,-4.514847,48.369484,1444066308
-4,0,217,316,-4.514855,48.369488,1444066489
0,0,287,316,-4.51484,48.369507,1444066668
0,0.1,277,316,-4.5148435,48.369495,1444066848
0,0,178,316,-4.5148516,48.36949,1444067030
0,0,178,316,-4.5148516,48.36949,1444067030
-4,0,81,316,-4.514848,48.36949,1444067209
0,0.1,92,316,-4.51484,48.369488,1444067388
0,0,308,316,-4.51483,48.369473,1444067569
0,0,294,316,-4.514827,48.369484,1444067749
0,0,182,316,-4.514828,48.3695,1444067928
0,0,182,316,-4.514828,48.3695,1444067929
0,0.1,186,316,-4.5148115,48.369545,1444068109
0,0,31,316,-4.514835,48.36952,1444068289
0,0,204,316,-4.514838,48.369476,1444068468
0,0,225,316,-4.5148168,48.369484,1444068649
0,0.1,312,316,-4.5148435,48.369488,1444068829
0,0,328,316,-4.514838,48.369484,1444069009
0,0,68,316,-4.514845,48.369488,1444069188
0,0,115,316,-4.5148215,48.369488,1444069369
0,0.1,313,316,-4.514848,48.36951,1444069548
0,0,218,316,-4.514837,48.36951,1444069729
0,0.1,183,316,-4.5148416,48.36949,1444069909
0,0,61,316,-4.514837,48.369514,1444070089
0,0.1,60,316,-4.514837,48.369507,1444070269
0,0.1,3,316,-4.5148215,48.369507,1444070449
0,0,215,316,-4.5148335,48.36949,1444070629
0,0,4,316,-4.514837,48.36949,1444070808
0,0,121,316,-4.5148616,48.369488,1444070988
5,0.1,152,316,-4.514845,48.36948,1444071168
0,0,208,316,-4.5148435,48.36949,1444071349
0,0,253,316,-4.51485,48.369473,1444071529
-4,0,182,316,-4.51486,48.369484,1444071709
0,0,224,316,-4.514848,48.36948,1444071888
0,0.1,203,316,-4.51485,48.369465,1444072248
0,0,351,316,-4.51485,48.36948,1444072428
0,0,352,316,-4.514837,48.369473,1444072609
0,0,30,316,-4.514845,48.369488,1444072789
0,0,300,316,-4.5148435,48.3695,1444072969
0,0.1,286,316,-4.514838,48.36949,1444073148
0,0.1,208,316,-4.5148315,48.369484,1444073330
0,0,64,316,-4.51484,48.36948,1444073509
0,0.1,291,317,-4.51485,48.3695,1444073688
5,0.1,292,316,-4.51483,48.3695,1444073869
0,0,4,316,-4.514848,48.36949,1444074049
0,0,63,316,-4.514837,48.3695,1444074228
0,0,63,316,-4.514837,48.3695,1444074229
0,0,192,317,-4.514845,48.36949,1444074408
0,0,4,317,-4.5148535,48.36949,1444074589
0,0,234,317,-4.514838,48.36949,1444074769
0,0,198,317,-4.5148416,48.36949,1444074949
0,0,256,317,-4.51485,48.369484,1444075130
0,0,256,317,-4.51485,48.369484,1444075130
5,0,352,316,-4.514847,48.3695,1444075309
0,0,0,316,-4.5148616,48.369507,1444075488
0,0,91,316,-4.514857,48.369503,1444075669
0,0,318,316,-4.5148335,48.369495,1444075848
0,0,25,316,-4.514838,48.369507,1444076028
0,0,259,316,-4.514847,48.3695,1444076208
0,0,54,316,-4.514838,48.3695,1444076389
5,0,134,316,-4.5148416,48.3695,1444076568
0,0,327,316,-4.5148435,48.36949,1444076749
0,0,114,316,-4.514847,48.3695,1444076929
0,0.1,271,316,-4.51483,48.36949,1444077109
0,0,156,316,-4.5148168,48.36949,1444077289
0,0,100,316,-4.5148215,48.369488,1444077469
0,0,166,316,-4.51482,48.369488,1444077648
0,0.1,5,316,-4.5148582,48.36952,1444077829
0,0.1,5,316,-4.5148582,48.36952,1444077829
0,0,1,316,-4.5148335,48.36948,1444078009
0,0,353,316,-4.51484,48.36949,1444078189
0,0,328,316,-4.5148335,48.36949,1444078368
0,0,41,316,-4.514837,48.36949,1444078548
0,0,228,316,-4.514828,48.36949,1444078729
0,0,228,316,-4.514828,48.36949,1444078729
0,0,59,316,-4.514825,48.369495,1444078908
0,0,4,316,-4.51483,48.36949,1444079090
0,0,210,316,-4.514827,48.369495,1444079269
9,0,1,316,-4.51484,48.369484,1444079449
0,0,53,316,-4.514815,48.36952,1444079630
0,0.1,79,316,-4.5149565,48.369434,1444079809
0,0,107,316,-4.5148516,48.36949,1444079989
0,0,120,316,-4.5148335,48.36952,1444080168
0,0,186,316,-4.5148516,48.36948,1444080348
0,0,273,316,-4.514848,48.3695,1444080529
0,0.1,144,316,-4.51484,48.369514,1444080708
0,0.1,159,316,-4.514857,48.3695,1444080889
-6,0,303,316,-4.514867,48.3695,1444081068
0,0,260,316,-4.514835,48.369507,1444081250
-4,0.1,35,316,-4.514827,48.369526,1444081428
-4,0.1,35,316,-4.514827,48.369526,1444081429
0,0,44,316,-4.514865,48.36952,1444081609
0,0.1,345,316,-4.51483,48.369534,1444081790
0,0,114,316,-4.514835,48.369507,1444081969
-4,0.1,276,316,-4.5148315,48.369526,1444082149
0,0.1,29,316,-4.514838,48.36953,1444082329
0,0.1,80,316,-4.514845,48.36952,1444082509
0,0,213,316,-4.514825,48.369526,1444082689
0,0.1,47,316,-4.514838,48.369522,1444082868
-4,0,186,316,-4.5148535,48.369526,1444083048
0,0,8,316,-4.514828,48.369534,1444083228
0,0,278,316,-4.514845,48.36952,1444083409
0,0.1,55,316,-4.514828,48.36953,1444083588
0,0.1,50,316,-4.5148215,48.369534,1444083769
0,0,9,316,-4.5148215,48.369526,1444083949
0,0,299,316,-4.514827,48.369514,1444084128
-4,0,265,316,-4.514835,48.369514,1444084308
-4,0,197,316,-4.51483,48.369507,1444084489
0,0.1,242,316,-4.514825,48.36949,1444084669
0,0,358,316,-4.514837,48.3695,1444084849
-6,0,44,316,-4.514855,48.36949,1444085029
-6,0,44,316,-4.514855,48.36949,1444085030
0,0,205,316,-4.514837,48.369507,1444085208
0,0,49,316,-4.5148234,48.369507,1444085389
5,0,117,316,-4.5148535,48.3695,1444085569
0,0,258,316,-4.5148516,48.369507,1444085748
0,0,60,316,-4.5148516,48.369503,1444085929
0,0,60,316,-4.5148516,48.369503,1444085929
0,0,75,316,-4.5148683,48.369503,1444086109
0,0.1,55,316,-4.51483,48.369488,1444086289
0,0.1,142,316,-4.5147867,48.36949,1444086469
-4,0,73,316,-4.514828,48.36949,1444086650
0,0,9,316,-4.51483,48.36949,1444086830
0,0,346,316,-4.514825,48.3695,1444087010
0,0,180,316,-4.514838,48.3695,1444087189
0,0,186,316,-4.514827,48.369507,1444087368
0,0.1,277,316,-4.514828,48.369495,1444087549
0,0,349,316,-4.514828,48.36949,1444087729
0,0,269,316,-4.5148115,48.369507,1444087909
0,0.1,272,316,-4.5148435,48.3695,1444088088
0,0,175,316,-4.514845,48.369507,1444088268
7,0.1,51,316,-4.51483,48.3695,1444088449
0,0,245,316,-4.51484,48.36949,1444088628
0,0,245,316,-4.51484,48.36949,1444088629
0,0,64,316,-4.514828,48.36949,1444088808
0,0,106,316,-4.5148335,48.369484,1444088989
-4,0,81,316,-4.514857,48.36948,1444089169
0,0,269,316,-4.51484,48.36949,1444089348
0,0,238,316,-4.514845,48.3695,1444089529
0,0,238,316,-4.514845,48.3695,1444089530
0,0,332,316,-4.51484,48.369473,1444089709
5,0.1,246,316,-4.514825,48.369484,1444089888
5,0.1,67,316,-4.5148635,48.369476,1444090069
0,0,350,316,-4.5148315,48.369488,1444090248
0,0,304,316,-4.5148535,48.36948,1444090429
5,0,166,316,-4.5148516,48.36948,1444090609
0,0,359,316,-4.5148516,48.369488,1444090788
5,0,106,316,-4.5148516,48.36948,1444090969
0,0.1,346,316,-4.514838,48.36949,1444091148
0,0,127,316,-4.514847,48.369488,1444091329
0,0.1,356,316,-4.51483,48.369503,1444091689
0,0.1,333,316,-4.514845,48.369507,1444091868
0,0.1,144,316,-4.514848,48.3695,1444092049
0,0,189,316,-4.514857,48.369503,1444092228
0,0,189,316,-4.514857,48.369503,1444092229
0,0,195,316,-4.5148616,48.3695,1444092408
0,0.1,162,316,-4.514857,48.36951,1444092589
0,0,284,316,-4.5148535,48.369503,1444092768
0,0,131,316,-4.514848,48.369507,1444092949
0,0.1,195,316,-4.5148616,48.369495,1444093130
0,0.1,195,316,-4.5148616,48.369495,1444093130
5,0.1,142,316,-4.514848,48.3695,1444093309
-8,0.1,145,316,-4.514848,48.36949,1444093489
0,0.1,58,316,-4.5148535,48.3695,1444093669
5,0.1,242,316,-4.514837,48.3695,1444093849
7,0.1,11,316,-4.51482,48.36953,1444094029
0,0,38,316,-4.5148535,48.3695,1444094209
0,0.1,346,316,-4.514837,48.36949,1444094390
0,0,350,316,-4.514848,48.369507,1444094568
0,0.1,245,316,-4.5148435,48.369503,1444094748
0,0,193,316,-4.514838,48.36949,1444094929
0,0,18,316,-4.514818,48.36949,1444095109
0,0.1,42,316,-4.5148516,48.36949,1444095288
8,0.1,212,316,-4.5148315,48.369507,1444095469
-4,0.1,281,316,-4.5148816,48.36948,1444095649
-4,0,12,316,-4.51485,48.36949,1444095829
-4,0,12,316,-4.51485,48.36949,1444095829
5,0,122,316,-4.514827,48.36949,1444096008
0,0,207,316,-4.514865,48.369514,1444096188
-4,0,167,316,-4.514845,48.369507,1444096368
-4,0,309,316,-4.51483,48.36952,1444096549
7,0.1,228,316,-4.5148215,48.369526,1444096728
7,0.1,228,316,-4.5148215,48.369526,1444096728
-4,0,179,317,-4.514838,48.36952,1444096908
0,0.1,46,317,-4.5148516,48.36952,1444097088
7,0.1,276,317,-4.5148335,48.369507,1444097268
0,0.1,294,317,-4.514845,48.36952,1444097448
0,0.2,293,317,-4.514785,48.36951,1444097628
-11,0.6,96,317,-4.5148067,48.3695,1444097809
0,0.1,226,317,-4.5148168,48.36949,1444097989
0,0.1,253,317,-4.5148516,48.369526,1444098170
7,0,81,317,-4.51484,48.36952,1444098348
0,0.1,109,317,-4.514845,48.369507,1444098529
8,0,208,317,-4.5148,48.36954,1444098709
0,0,86,317,-4.514835,48.369514,1444098889
0,0.1,41,316,-4.51485,48.369488,1444099249
0,0,108,316,-4.514855,48.369495,1444099429
0,0,108,316,-4.514855,48.369495,1444099430
-6,0.1,288,316,-4.514855,48.36952,1444099608
0,0,191,316,-4.5148435,48.36952,1444099788
-6,0,53,316,-4.514855,48.36952,1444099969
0,0,50,316,-4.514828,48.369507,1444100149
-6,0,308,316,-4.5148234,48.36951,1444100328
-6,0,308,316,-4.5148234,48.36951,1444100328
0,0.1,201,316,-4.51484,48.369503,1444100508
-4,0,318,316,-4.5148234,48.369484,1444100689
5,0,304,316,-4.514827,48.36949,1444100868
0,0,188,316,-4.5148215,48.36949,1444101049
-4,0,100,316,-4.51484,48.369507,1444101229
0,0.1,300,316,-4.514835,48.36953,1444101409
0,0,3,316,-4.51485,48.369537,1444101588
0,0.1,269,316,-4.514845,48.36952,1444101768
0,0,97,316,-4.514875,48.369553,1444101949
-4,0.1,159,316,-4.514827,48.369514,1444102129
0,0,194,316,-4.514867,48.369564,1444102308
0,0,202,316,-4.514838,48.369522,1444102488
0,0,84,317,-4.514835,48.36946,1444102669
0,0,98,317,-4.5148234,48.369457,1444102848
0,0.1,241,317,-4.5148582,48.36949,1444103028
0,0,32,317,-4.5148535,48.369488,1444103208
0,0,35,317,-4.5148883,48.36949,1444103390
0,0,265,317,-4.51485,48.36949,1444103568
0,0.1,280,317,-4.51484,48.3695,1444103748
0,0,282,317,-4.5148416,48.369503,1444103929
0,0,282,317,-4.5148416,48.369503,1444103929
0,0.1,308,317,-4.5148516,48.369507,1444104108
0,0.1,327,316,-4.5148315,48.3695,1444104289
5,0.1,267,317,-4.5148335,48.36952,1444104468
0,0,293,317,-4.5148315,48.36949,1444104650
0,0.1,250,317,-4.51484,48.369514,1444105009
0,0.1,76,317,-4.5148134,48.3695,1444105189
0,0.1,72,317,-4.514818,48.369514,1444105369
0,0,248,317,-4.514825,48.369507,1444105548
0,0,163,317,-4.514857,48.369507,1444105728
0,0,222,317,-4.514827,48.369507,1444105908
0,0.1,81,317,-4.514837,48.3695,1444106088
0,0,290,317,-4.5148315,48.369503,1444106269
5,0.1,270,317,-4.514825,48.369503,1444106448
-4,0,59,317,-4.514837,48.36949,1444106628
0,0.1,125,317,-4.514838,48.36949,1444106808
8,0,3,317,-4.514825,48.3695,1444106988
7,0,211,316,-4.514837,48.36948,1444107169
0,0,129,316,-4.5148616,48.369488,1444107348
0,0,307,316,-4.514865,48.369488,1444107529
0,0,307,316,-4.514865,48.369488,1444107530
0,0,190,316,-4.5148635,48.369495,1444107708
5,0.1,178,316,-4.514838,48.3695,1444107890
0,0.1,315,316,-4.514808,48.369495,1444108068
-7,0.1,88,316,-4.5148115,48.3695,1444108248
5,0,137,316,-4.5148034,48.369484,1444108429
0,0,25,316,-4.5148416,48.36949,1444108608
0,0.1,74,316,-4.5148315,48.36949,1444108790
5,0,104,316,-4.514828,48.369488,1444108968
0,0,209,316,-4.5148335,48.36949,1444109148
0,0,158,316,-4.514835,48.369503,1444109328
0,0.1,323,316,-4.51485,48.3695,1444109509
7,0.1,239,316,-4.514838,48.36949,1444109690
-7,0.1,193,316,-4.514837,48.369507,1444109868
0,0,162,316,-4.5148516,48.36951,1444110050
0,0,63,316,-4.514848,48.36951,1444110228
0,0,63,316,-4.514848,48.36951,1444110229
0,0,1,316,-4.5148635,48.3695,1444110409
0,0,131,316,-4.514847,48.369507,1444110589
7,0.1,327,317,-4.51484,48.369507,1444110768
5,0.1,15,316,-4.514827,48.36952,1444110948
0,0.1,260,316,-4.5148315,48.369507,1444111129
0,0.1,260,316,-4.5148315,48.369507,1444111129
8,0.1,55,316,-4.514837,48.369514,1444111308
0,0,188,316,-4.514865,48.369507,1444111488
7,0,218,316,-4.514875,48.36952,1444111669
0,0.1,306,316,-4.5148716,48.36952,1444111849
0,0.1,176,316,-4.514877,48.369514,1444112029
0,0.1,85,316,-4.514857,48.369507,1444112208
0,0,157,316,-4.5148635,48.369507,1444112389
-6,0,349,316,-4.514857,48.369514,1444112569
5,0,78,316,-4.5148416,48.369507,1444112749
0,0.1,67,316,-4.51484,48.3695,1444112929
0,0.1,316,316,-4.51487,48.3695,1444113109
0,0,28,316,-4.5148716,48.36949,1444113288
5,0,276,316,-4.5148783,48.36952,1444113470
-6,0,139,316,-4.514855,48.369503,1444113650
-6,0,24,316,-4.514877,48.369507,1444113828
-7,0,335,316,-4.5148783,48.369514,1444114008
-4,0,273,316,-4.514865,48.369503,1444114188
0,0.1,234,316,-4.5148582,48.369507,1444114368
-7,0,312,316,-4.5148635,48.3695,1444114549
7,0,273,316,-4.514855,48.3695,1444114729
7,0,273,316,-4.514855,48.3695,1444114729
0,0,56,316,-4.5148716,48.36951,1444114908
0,0.1,204,316,-4.514848,48.36952,1444115089
8,0,322,317,-4.5148516,48.36951,1444115268
7,0.1,302,317,-4.5148582,48.36951,1444115448
0,0,197,317,-4.514837,48.36952,1444115628
0,0,189,317,-4.514848,48.369507,1444115809
0,0,255,317,-4.514845,48.369514,1444115988
0,0.1,51,317,-4.51483,48.369507,1444116169
-7,0.1,184,317,-4.514848,48.36951,1444116350
0,0.1,47,317,-4.5148516,48.369514,1444116528
-4,0,58,317,-4.514855,48.369507,1444116708
5,0,157,317,-4.514837,48.36952,1444116888
0,0,172,317,-4.514855,48.369514,1444117068
-6,0,38,317,-4.514848,48.36952,1444117248
5,0.1,16,317,-4.514837,48.36952,1444117428
5,0.1,16,317,-4.514837,48.36952,1444117428
5,0,328,317,-4.514837,48.36951,1444117609
-7,0,320,317,-4.5148416,48.369514,1444117788
0,0,155,317,-4.5148416,48.36952,1444117968
8,0.1,92,317,-4.514848,48.369526,1444118149
8,0.1,22,317,-4.51485,48.369514,1444118329
8,0.1,22,317,-4.51485,48.369514,1444118330
-4,0.2,32,316,-4.514848,48.369514,1444118509
0,0.1,273,316,-4.5148335,48.369484,1444118688
-8,0.1,44,316,-4.5149083,48.36948,1444118870
8,0,262,316,-4.514798,48.3695,1444119049
-7,0,229,316,-4.5148416,48.3695,1444119229
7,0.1,0,316,-4.514827,48.36949,1444119409
9,0.1,315,316,-4.514837,48.369503,1444119588
0,0,241,316,-4.514837,48.36949,1444119769
5,0,174,316,-4.51494,48.36969,1444119949
-7,0,186,317,-4.51485,48.369507,1444120128
7,0,20,317,-4.51484,48.369507,1444120308
-8,0.1,318,317,-4.51482,48.36948,1444120488
7,0,4,317,-4.514838,48.369514,1444120669
-6,0.1,332,317,-4.51486,48.36952,1444120849
-6,0,140,317,-4.5148416,48.36949,1444121029
0,0.1,352,317,-4.5148435,48.369495,1444121209
-4,0.2,324,317,-4.514838,48.369514,1444121389
0,0,264,317,-4.51488,48.369473,1444121569
0,0.1,166,317,-4.5148816,48.369473,1444121749
8,0.1,7,317,-4.5148435,48.369484,1444121929
-6,0.1,196,317,-4.5148716,48.369465,1444122108
0,0.2,191,317,-4.5148335,48.369507,1444122289
8,0,135,317,-4.514847,48.369488,1444122468
0,0.1,14,316,-4.51485,48.369488,1444122649
-7,0.1,293,316,-4.514848,48.36949,1444122828
0,0.1,257,316,-4.5148315,48.36949,1444123008
0,0,100,316,-4.514838,48.369495,1444123190
-4,0.1,177,317,-4.514835,48.36949,1444123548
0,0.1,191,317,-4.5148335,48.3695,1444123728
-7,0.2,228,317,-4.514828,48.36952,1444123908
0,0,146,316,-4.514845,48.36949,1444124089
0,0,197,317,-4.51484,48.369495,1444124270
-8,0,98,317,-4.514848,48.3695,1444124448
5,0,236,316,-4.514845,48.36949,1444124630
5,0,300,317,-4.5148335,48.36951,1444124808
-7,0.1,73,316,-4.514835,48.369514,1444124988
-4,0.1,272,316,-4.514867,48.36949,1444125168
-4,0,50,316,-4.514867,48.36951,1444125350
-6,0,114,316,-4.514838,48.369507,1444125528
-6,0,114,316,-4.514838,48.369507,1444125529
-7,0,102,316,-4.514847,48.369526,1444125708
8,0.1,114,316,-4.5148335,48.369526,1444125888
-8,0,71,316,-4.514798,48.36952,1444126069
-4,0,65,316,-4.5147634,48.369553,1444126248
-4,0,346,316,-4.51483,48.36951,1444126609
0,0,200,316,-4.5148215,48.369507,1444126789
0,0.1,49,316,-4.51482,48.36949,1444126969
-7,0,198,317,-4.514835,48.369495,1444127150
7,0,78,317,-4.51483,48.3695,1444127328
8,0,311,317,-4.5148168,48.3695,1444127509
0,0,167,317,-4.5148168,48.369503,1444127688
12,0,36,317,-4.5148215,48.369507,1444127869
5,0,220,317,-4.514845,48.3695,1444128049
-4,0.1,119,317,-4.514837,48.3695,1444128229
-4,0.1,119,317,-4.514837,48.3695,1444128230
5,0.1,59,317,-4.5148535,48.3695,1444128408
8,0,234,317,-4.51484,48.369507,1444128588
8,0.1,141,317,-4.5148234,48.369488,1444128768
0,0,328,317,-4.51483,48.36952,1444128950
-6,0.1,38,317,-4.51482,48.369476,1444129128
-6,0.1,38,317,-4.51482,48.369476,1444129129
7,0.1,96,318,-4.5148234,48.3695,1444129309
0,0,45,318,-4.5148315,48.369495,1444129488
0,0.1,34,318,-4.5148335,48.3695,1444129668
-6,0,192,318,-4.51485,48.3695,1444129849
-8,0.1,183,318,-4.5148435,48.3695,1444130029
0,0.1,32,318,-4.514838,48.3695,1444130209
0,0,37,318,-4.5148335,48.369507,1444130389
5,0,349,318,-4.514848,48.3695,1444130569
-6,0.1,109,318,-4.514835,48.369507,1444130748
0,0.1,233,317,-4.514815,48.36952,1444130929
0,0,11,317,-4.5148134,48.369507,1444131109
0,0,166,317,-4.514827,48.369507,1444131289
0,0,352,317,-4.514805,48.369514,1444131469
7,0,62,317,-4.51485,48.36949,1444131648
-4,0,165,317,-4.515108,48.369335,1444131829
-4,0,165,317,-4.515108,48.369335,1444131829
8,0.1,197,317,-4.51505,48.369354,1444132010
5,0,9,317,-4.514808,48.36952,1444132189
5,0.2,206,317,-4.5148516,48.369507,1444132369
-4,0.1,172,316,-4.514865,48.369488,1444132550
0,0.1,236,316,-4.5148683,48.369503,1444132729
0,0.1,236,316,-4.5148683,48.369503,1444132729
0,0.1,91,317,-4.514828,48.369514,1444132908
-7,0.1,32,317,-4.514837,48.369514,1444133089
0,0,276,316,-4.514855,48.36948,1444133269
0,0,3,316,-4.514837,48.369495,1444133448
5,0,240,316,-4.514818,48.36948,1444133629
0,0,85,316,-4.514827,48.369484,1444133808
0,0.1,196,316,-4.514827,48.369484,1444133988
0,0,334,317,-4.5148516,48.3695,1444134169
-6,0.1,347,317,-4.514847,48.3695,1444134348
0,0,69,317,-4.514847,48.3695,1444134528
0,0,174,316,-4.5148215,48.3695,1444134709
0,0,14,317,-4.514827,48.369503,1444134889
-7,0.1,230,317,-4.51485,48.3695,1444135069
0,0,342,317,-4.5148335,48.36949,1444135249
0,0.1,6,317,-4.51484,48.36949,1444135429
0,0.1,62,317,-4.5148315,48.36952,1444135608
-6,0,358,317,-4.5148,48.36953,1444135788
8,0,30,317,-4.5148134,48.369522,1444135969
0,0.1,198,317,-4.514818,48.369503,1444136148
-6,0,239,317,-4.5148115,48.369507,1444136328
-6,0,239,317,-4.5148115,48.369507,1444136328
0,0,295,317,-4.5148067,48.369507,1444136688
0,0.1,7,317,-4.514818,48.3695,1444136869
0,0.1,223,317,-4.514828,48.3695,1444137048
7,0.1,23,317,-4.5148067,48.369507,1444137229
0,0.1,58,317,-4.5148015,48.3695,1444137409
-7,0,74,317,-4.514808,48.369503,1444137589
0,0,242,317,-4.5148034,48.36947,1444137769
0,0,275,317,-4.5148,48.36949,1444137950
0,0,323,317,-4.514865,48.369457,1444138130
8,0.1,43,317,-4.5148516,48.369465,1444138308
0,0,195,317,-4.51487,48.369465,1444138489
7,0,15,317,-4.514848,48.369473,1444138669
0,0.1,46,317,-4.514838,48.36946,1444138848
-6,0,39,317,-4.514837,48.36946,1444139029
-6,0,39,317,-4.514837,48.36946,1444139030
-4,0,209,317,-4.514837,48.36948,1444139208
-10,0.1,43,317,-4.51484,48.36948,1444139390
11,0,217,317,-4.5148335,48.36948,1444139569
5,0.1,54,317,-4.514835,48.369488,1444139749
7,0.1,126,317,-4.51482,48.36949,1444139929
7,0.1,126,317,-4.51482,48.36949,1444139929
8,0.1,243,317,-4.5148516,48.36946,1444140110
5,0,95,317,-4.51484,48.369465,1444140289
5,0.1,33,317,-4.5147915,48.369507,1444140468
0,0,184,317,-4.5148335,48.36948,1444140648
5,0,216,317,-4.514848,48.369453,1444140830
9,0,65,317,-4.514818,48.369465,1444141008
-6,0,34,317,-4.514788,48.3695,1444141189
5,0.1,262,317,-4.514808,48.36948,1444141368
0,0.1,58,317,-4.514805,48.369465,1444141549
0,0,154,317,-4.51482,48.36946,1444141728
0,0,99,317,-4.5148168,48.369465,1444141909
5,0.1,16,317,-4.5148134,48.369465,1444142089
-10,0,174,317,-4.514808,48.369473,1444142270
5,0,317,317,-4.514835,48.369537,1444142449
-6,0,344,316,-4.51483,48.369514,1444142629
-6,0,344,316,-4.51483,48.369514,1444142630
8,0,109,317,-4.514837,48.369503,1444142809
0,0.1,8,316,-4.51481,48.36952,1444142989
0,0,307,317,-4.514825,48.36952,1444143168
0,0.1,38,317,-4.514835,48.369534,1444143349
0,0.1,352,317,-4.5148215,48.369507,1444143529
0,0.1,352,317,-4.5148215,48.369507,1444143529
7,0.1,190,317,-4.5148234,48.369503,1444143888
5,0,314,317,-4.5146933,48.369396,1444144068
0,0.1,188.8,316,-4.514775,48.36948,1444194974
0,0,286.6,316,-4.51478,48.369488,1444195154
0,0.1,345.3,316,-4.514778,48.36948,1444195333
0,0,239.8,316,-4.51479,48.369488,1444195514
0,0.1,218.6,316,-4.5147934,48.36949,1444195694
0,0.1,138.3,316,-4.5148,48.369488,1444195873
0,0.1,22,316,-4.514805,48.36949,1444196053
0,0,206.1,316,-4.514805,48.36949,1444196234
0,0,247.8,316,-4.5148034,48.36949,1444196413
0,0,332.4,316,-4.5148034,48.36949,1444196593
0,0,332.4,316,-4.5148034,48.36949,1444196594
0,0.1,341.7,317,-4.514798,48.36949,1444196773
0,0.1,132.1,316,-4.5148015,48.36949,1444196954
0,0,42.8,317,-4.514795,48.369484,1444197133
0,0,157.2,316,-4.514798,48.36948,1444197314
0,0,35.6,316,-4.5148034,48.369488,1444197493
0,0,35.6,316,-4.5148034,48.369488,1444197494
-7,0,358.7,316,-4.514808,48.369488,1444197674
0,0,35.4,316,-4.514815,48.369488,1444197853
0,0,121.6,316,-4.5148115,48.36949,1444198034
-4,0,335,316,-4.514808,48.36949,1444198214
0,0,140.1,316,-4.514805,48.369484,1444198393
0,0,71.6,316,-4.514805,48.369488,1444198574
0,0,76.9,316,-4.5148034,48.369427,1444198934
0,0,207.4,316,-4.5147967,48.369415,1444199114
0,0,85.3,316,-4.5148,48.36944,1444199294
-6,0,64.6,316,-4.5148,48.36946,1444199474
5,0,155.1,316,-4.5148,48.369465,1444199654
-12,0.8,161.9,313,-4.514905,48.36926,1444199835
0,0,212,315,-4.5143266,48.36915,1448262795
0,0,212,315,-4.5143666,48.36916,1448262975
0,0,337,315,-4.5143566,48.36915,1448263155
0,0.1,80.7,315,-4.51435,48.36914,1448263336
0,0,34.5,315,-4.5143385,48.36915,1448263514
0,0,318,315,-4.5143785,48.369175,1448263695
0,0,175,315,-4.5143833,48.369167,1448263875
0,0.1,32,315,-4.514385,48.369175,1448264055
0,0,83,315,-4.514382,48.369186,1448264234
0,0,88,315,-4.514385,48.36918,1448264415
0,0,25,315,-4.5144134,48.369175,1448264595
0,0,25,315,-4.5144134,48.369175,1448264596
0,0,126,315,-4.5144134,48.369175,1448264774
0,0,3,315,-4.5144215,48.369175,1448264954
0,0,179,315,-4.5143967,48.36918,1448265135
0,0,92,315,-4.51441,48.36918,1448265315
0,0,164,315,-4.5143766,48.36915,1448265495
0,0,164,315,-4.5143766,48.36915,1448265496
0,0,56,315,-4.5143585,48.369175,1448265676
0,0,111,315,-4.5144033,48.36916,1448265854
0,0,115,315,-4.5144014,48.36915,1448266034
0,0,203,315,-4.5143685,48.369205,1448266214
0,0,341,315,-4.5143485,48.369167,1448266394
0,0,101,315,-4.514355,48.36922,1448266574
0,0,144,315,-4.514362,48.36915,1448266755
0,0,75,315,-4.514345,48.369175,1448266935
0,0,227,316,-4.514345,48.36916,1448267115
0,0,211,316,-4.5143185,48.36915,1448267296
0,0,287,316,-4.514375,48.36912,1448267475
0,0,156,316,-4.514305,48.369144,1448267655
0,0.1,166,316,-4.514372,48.369186,1448267835
0,0.2,348,316,-4.514283,48.369152,1448268015
0,0,105,316,-4.514352,48.369175,1448268195
0,0,180,316,-4.5143533,48.369152,1448268375
0,0,31,316,-4.514322,48.36916,1448268555
0,0,228,316,-4.5143833,48.369114,1448268735
0,0,282,316,-4.5144515,48.369144,1448268915
0,0,353,316,-4.514425,48.369102,1448269095
0,0.1,107,316,-4.514365,48.36914,1448269275
0,0,346,316,-4.5143466,48.369125,1448269455
0,0,194,316,-4.514425,48.36916,1448269634
0,0,56,316,-4.514395,48.369156,1448269815
0,0,229,316,-4.514392,48.36915,1448269995
0,0,151,316,-4.5143485,48.369133,1448270176
0,0,315,316,-4.5143466,48.369167,1448270354
0,0,277,316,-4.51438,48.36915,1448270535
0,0,275,316,-4.5143065,48.369125,1448270716
0,0,302,316,-4.514365,48.36916,1448270895
0,0,41,316,-4.5143785,48.369167,1448271075
0,0,265,316,-4.51437,48.369114,1448271255
0,0,335,316,-4.514352,48.369175,1448271434
0,0,188,316,-4.514342,48.36918,1448271615
0,0,189,317,-4.514293,48.369205,1448271794
0,0,189,317,-4.514293,48.369205,1448271795
-8,0,201,317,-4.51428,48.369255,1448271975
0,0,39,317,-4.5143466,48.3692,1448272156
0,0,244,317,-4.51438,48.369183,1448272335
0,0,46,317,-4.5144315,48.369167,1448272515
0,0,80,317,-4.5144067,48.36915,1448272694
0,0.1,38,316,-4.5144167,48.369194,1448272876
11,0,57,317,-4.5143766,48.36915,1448273054
-8,2.4,149,327,-4.514095,48.36891,1448273234
24,0.6,158,18,-4.513223,48.36756,1448273414
7,4.1,51,52,-4.512358,48.367966,1448273494
16,4.7,54,53,-4.5121017,48.3681,1448273504
9,5.2,53,54,-4.511785,48.36825,1448273514
